0 0.094238 0.315880 0.026367 0.031070
0 0.027344 0.254891 0.021484 0.028769
0 0.052246 0.258918 0.012695 0.018412
0 0.135254 0.258343 0.012695 0.017261
0 0.231934 0.079402 0.020508 0.023015
0 0.295410 0.078251 0.020508 0.025316
0 0.315918 0.082854 0.010742 0.023015
0 0.326660 0.083429 0.010742 0.021864
0 0.340820 0.088608 0.013672 0.025316
0 0.184570 0.071922 0.015625 0.026467
0 0.402832 0.363061 0.020508 0.031070
0 0.387207 0.295167 0.016602 0.028769
0 0.413574 0.267549 0.010742 0.021864
0 0.481934 0.309551 0.024414 0.032221
0 0.640625 0.078251 0.023438 0.048331
0 0.690430 0.050058 0.021484 0.031070
0 0.594238 0.041427 0.010742 0.018412
0 0.763672 0.050058 0.013672 0.028769
0 0.719727 0.184120 0.031250 0.041427
0 0.645020 0.338895 0.026367 0.031070
0 0.700195 0.350978 0.021484 0.036824
0 0.579102 0.069620 0.015625 0.017261
0 0.901367 0.247411 0.029297 0.029919
0 0.832031 0.233602 0.015625 0.023015
0 0.968750 0.219793 0.013672 0.023015
0 0.792480 0.186997 0.012695 0.019563
0 0.466309 0.602417 0.032227 0.042578
0 0.158691 0.602417 0.020508 0.026467
0 0.204590 0.590909 0.018555 0.021864
0 0.281738 0.590334 0.018555 0.020713
0 0.337402 0.554661 0.014648 0.020713
0 0.025879 0.537975 0.010742 0.024166
0 0.528809 0.510932 0.018555 0.027618
0 0.420898 0.474108 0.019531 0.027618
0 0.895020 0.376870 0.024414 0.037975
0 0.931152 0.329114 0.012695 0.018412
0 0.964355 0.328539 0.010742 0.017261
0 0.858887 0.351554 0.012695 0.031070
0 0.086426 0.727273 0.026367 0.034522
0 0.219727 0.817606 0.019531 0.035673
0 0.186035 0.801496 0.010742 0.014960
0 0.303223 0.824511 0.022461 0.024166
0 0.383301 0.835443 0.020508 0.029919
0 0.904785 0.661680 0.024414 0.029919
0 0.846191 0.696778 0.024414 0.031070
0 0.741211 0.757192 0.017578 0.023015
0 0.682129 0.753165 0.014648 0.019563
0 0.630371 0.752014 0.020508 0.024166
0 0.594238 0.720944 0.016602 0.028769
0 0.334473 0.801496 0.014648 0.021864