0 0.025879 0.312860 0.012695 0.030710
0 0.056152 0.290787 0.010742 0.024952
0 0.087402 0.320537 0.010742 0.023033
0 0.116211 0.291747 0.017578 0.038388
0 0.150391 0.298464 0.013672 0.032630
0 0.170410 0.294626 0.010742 0.024952
0 0.251953 0.250480 0.015625 0.032630
0 0.320801 0.263916 0.012695 0.028791
0 0.346680 0.236084 0.011719 0.026871
0 0.372559 0.257198 0.010742 0.030710
0 0.401367 0.239923 0.013672 0.034549
0 0.414551 0.253359 0.010742 0.026871
0 0.430176 0.239923 0.010742 0.030710
0 0.479492 0.360845 0.027344 0.072937
0 0.527832 0.233205 0.012695 0.028791
0 0.553223 0.225528 0.014648 0.036468
0 0.551270 0.337812 0.022461 0.061420
0 0.578125 0.261996 0.013672 0.028791
0 0.615234 0.240883 0.011719 0.024952
0 0.641113 0.200576 0.016602 0.040307
0 0.659668 0.219770 0.012695 0.032630
0 0.714844 0.217850 0.013672 0.032630
0 0.730469 0.286948 0.023438 0.051823
0 0.727051 0.201536 0.010742 0.023033
0 0.740234 0.191939 0.011719 0.026871
0 0.756348 0.200576 0.012695 0.040307
0 0.779785 0.240883 0.016602 0.044146
0 0.811035 0.165067 0.012695 0.038388
0 0.847168 0.180422 0.016602 0.046065
0 0.900879 0.195777 0.014648 0.026871
0 0.936035 0.205374 0.016602 0.042226
0 0.889648 0.292706 0.037109 0.086372
0 0.992188 0.169866 0.015625 0.044146
0 0.616699 0.227447 0.012695 0.028791