0 0.976562 0.502928 0.013672 0.021962
0 0.978027 0.472182 0.014648 0.024890
0 0.842773 0.524890 0.017578 0.024890
0 0.872559 0.505857 0.010742 0.016105
0 0.895020 0.461201 0.010742 0.020498
0 0.874512 0.435578 0.014648 0.021962
0 0.817383 0.466325 0.011719 0.021962
0 0.788086 0.458272 0.011719 0.020498
0 0.795410 0.444363 0.010742 0.019034
0 0.775879 0.505124 0.020508 0.029283
0 0.736816 0.448755 0.010742 0.021962
0 0.071289 0.701318 0.027344 0.064422
0 0.212891 0.493411 0.017578 0.029283
0 0.277832 0.508053 0.014648 0.023426
0 0.117188 0.829429 0.029297 0.083455
0 0.659668 0.486823 0.010742 0.027818