0 0.129883 0.448052 0.046875 0.072727
0 0.333984 0.440909 0.111328 0.175325
0 0.165039 0.309740 0.027344 0.040260
0 0.048340 0.281818 0.024414 0.046753
0 0.233887 0.300000 0.016602 0.031169
0 0.541504 0.474026 0.034180 0.051948
0 0.499023 0.454545 0.017578 0.031169
0 0.434570 0.508442 0.025391 0.040260
0 0.698242 0.431169 0.056641 0.077922
0 0.605469 0.496104 0.015625 0.028571
0 0.526855 0.512987 0.020508 0.033766
0 0.473145 0.374026 0.012695 0.020779
0 0.454102 0.351948 0.015625 0.028571
0 0.521973 0.390260 0.010742 0.016883
0 0.793457 0.418182 0.041992 0.057143
0 0.847656 0.470130 0.027344 0.044156
0 0.885742 0.474675 0.015625 0.027273
0 0.898926 0.477922 0.012695 0.023377