0 0.799805 0.331950 0.039062 0.066390
0 0.526855 0.411480 0.032227 0.056708
0 0.544922 0.371369 0.029297 0.062241
0 0.272461 0.412172 0.029297 0.058091
0 0.303711 0.335408 0.035156 0.059474
0 0.354492 0.372061 0.027344 0.052559
0 0.115723 0.526279 0.040039 0.067773
0 0.020996 0.417704 0.028320 0.044260
0 0.178711 0.233057 0.033203 0.062241
0 0.320312 0.179115 0.033203 0.062241
0 0.347656 0.147994 0.033203 0.058091
0 0.387695 0.131397 0.031250 0.052559
0 0.419434 0.112033 0.030273 0.055325
0 0.470215 0.239972 0.032227 0.059474
0 0.424805 0.262794 0.031250 0.060858
0 0.550293 0.187414 0.032227 0.056708
0 0.572754 0.150069 0.030273 0.056708
0 0.049316 0.190871 0.032227 0.047026
0 0.152832 0.100968 0.041992 0.074689
0 0.213867 0.068465 0.037109 0.065007
0 0.246094 0.027663 0.037109 0.055325
0 0.298828 0.040802 0.029297 0.053942
0 0.337402 0.024896 0.024414 0.047026
0 0.362305 0.017981 0.021484 0.035961
0 0.045898 0.071923 0.033203 0.055325
0 0.129883 0.019364 0.037109 0.038728
0 0.029297 0.028354 0.031250 0.053942
0 0.526855 0.639004 0.026367 0.047026
0 0.693359 0.116874 0.027344 0.045643
0 0.745117 0.061549 0.031250 0.048409
0 0.813477 0.047026 0.025391 0.052559
0 0.937988 0.105809 0.032227 0.042877
0 0.905273 0.165975 0.025391 0.041494
0 0.872070 0.153527 0.021484 0.047026
0 0.062988 0.533195 0.028320 0.062241
0 0.395508 0.202628 0.027344 0.065007