0 0.024902 0.258017 0.026367 0.043732
0 0.116211 0.266764 0.031250 0.058309
0 0.286133 0.250000 0.027344 0.048105
0 0.362793 0.319242 0.026367 0.052478
0 0.398438 0.303936 0.027344 0.039359
0 0.413574 0.263848 0.022461 0.046647
0 0.454590 0.233236 0.024414 0.040816
0 0.458984 0.271866 0.025391 0.045190
0 0.552246 0.274781 0.024414 0.042274
0 0.329102 0.276968 0.019531 0.034985
0 0.567871 0.336735 0.026367 0.049563
0 0.608887 0.282799 0.028320 0.052478
0 0.647461 0.292274 0.025391 0.048105
0 0.680664 0.276968 0.021484 0.046647
0 0.712891 0.321429 0.027344 0.051020
0 0.727051 0.309767 0.024414 0.045190
0 0.758789 0.300292 0.027344 0.049563
0 0.787598 0.389942 0.034180 0.068513
0 0.870117 0.418367 0.029297 0.055394
0 0.875488 0.287172 0.020508 0.037901
0 0.840332 0.179300 0.012695 0.029155