0 0.099121 0.763648 0.010742 0.019973
0 0.109375 0.741678 0.011719 0.023968
0 0.158203 0.754328 0.011719 0.025300
0 0.167480 0.758322 0.010742 0.019973
0 0.241699 0.756991 0.012695 0.022636
0 0.427246 0.762317 0.012695 0.019973
0 0.574707 0.760320 0.012695 0.021305
0 0.628418 0.746338 0.012695 0.025300
0 0.614258 0.743009 0.011719 0.018642
0 0.722168 0.733023 0.012695 0.022636
0 0.795410 0.748336 0.014648 0.026631
0 0.312988 0.756991 0.010742 0.019973
0 0.131348 0.737683 0.010742 0.021305
0 0.080566 0.750333 0.012695 0.027963
0 0.534668 0.761651 0.010742 0.015979
0 0.313477 0.830892 0.011719 0.021305