0 0.125000 0.872993 0.019531 0.043796
0 0.043457 0.848905 0.016602 0.039416
0 0.231934 0.837956 0.010742 0.023358
0 0.167969 0.870803 0.013672 0.033577
0 0.190430 0.911679 0.015625 0.036496
0 0.233398 0.810949 0.011719 0.024818
0 0.158691 0.751825 0.012695 0.026277
0 0.146484 0.786131 0.011719 0.024818
0 0.122559 0.802920 0.010742 0.023358
0 0.356445 0.869343 0.017578 0.042336
0 0.299316 0.869343 0.020508 0.051095
0 0.265625 0.866423 0.019531 0.042336
0 0.364258 0.814599 0.011719 0.026277
0 0.337402 0.813869 0.010742 0.024818
0 0.308594 0.817518 0.011719 0.026277
0 0.382812 0.755474 0.011719 0.024818
0 0.261230 0.817518 0.010742 0.023358
0 0.323730 0.790511 0.010742 0.021898
0 0.286621 0.813139 0.012695 0.023358
0 0.280273 0.845255 0.011719 0.020438
0 0.432617 0.740876 0.011719 0.021898
0 0.475098 0.743066 0.010742 0.020438
0 0.503906 0.742336 0.013672 0.021898
0 0.496094 0.721168 0.013672 0.026277
0 0.513184 0.711679 0.010742 0.016058
0 0.495605 0.770803 0.010742 0.020438
0 0.567383 0.741606 0.011719 0.026277
0 0.571777 0.787591 0.010742 0.024818
0 0.487305 0.816788 0.011719 0.024818
0 0.530762 0.784672 0.010742 0.024818
0 0.463867 0.846715 0.011719 0.029197
0 0.504883 0.889781 0.021484 0.048175
0 0.423828 0.875182 0.019531 0.045255
0 0.410645 0.875182 0.020508 0.042336
0 0.574219 0.878102 0.017578 0.033577
0 0.589844 0.917518 0.019531 0.039416
0 0.462402 0.768613 0.010742 0.024818
0 0.411621 0.813869 0.010742 0.021898
0 0.591797 0.649635 0.011719 0.020438
0 0.634766 0.658394 0.011719 0.020438
0 0.631836 0.679562 0.011719 0.021898
0 0.683105 0.651825 0.010742 0.021898
0 0.703613 0.694891 0.010742 0.023358
0 0.650879 0.758394 0.010742 0.024818
0 0.706543 0.756934 0.012695 0.027737
0 0.674316 0.806569 0.014648 0.030657
0 0.609863 0.827007 0.014648 0.027737
0 0.593750 0.805839 0.013672 0.029197
0 0.690430 0.803650 0.011719 0.027737
0 0.667480 0.785401 0.010742 0.023358
0 0.612793 0.718978 0.012695 0.024818
0 0.605957 0.762774 0.012695 0.021898
0 0.679199 0.743796 0.010742 0.027737
0 0.714844 0.840146 0.021484 0.042336
0 0.635254 0.862774 0.024414 0.049635
0 0.753418 0.775182 0.014648 0.026277
0 0.812500 0.761314 0.013672 0.024818
0 0.786133 0.793431 0.011719 0.021898
0 0.727051 0.762774 0.012695 0.024818
0 0.735352 0.804380 0.011719 0.026277
0 0.838867 0.656934 0.011719 0.026277
0 0.807617 0.651825 0.011719 0.024818
0 0.738770 0.626277 0.010742 0.026277
0 0.795410 0.736496 0.012695 0.024818
0 0.767090 0.742336 0.012695 0.024818
0 0.764160 0.714599 0.010742 0.024818
0 0.758789 0.692701 0.011719 0.027737
0 0.746582 0.759854 0.010742 0.024818
0 0.807129 0.613139 0.010742 0.023358
0 0.839355 0.608029 0.010742 0.021898
0 0.703125 0.614599 0.011719 0.020438
0 0.811035 0.708759 0.010742 0.021898
0 0.940918 0.765693 0.014648 0.024818
0 0.865723 0.783212 0.012695 0.027737
0 0.854004 0.795620 0.010742 0.023358
0 0.909180 0.781752 0.013672 0.027737
0 0.944824 0.730657 0.012695 0.024818
0 0.914062 0.705109 0.011719 0.026277
0 0.947754 0.706569 0.012695 0.017518
0 0.875977 0.753285 0.015625 0.026277
0 0.878418 0.687591 0.012695 0.026277
0 0.891113 0.680292 0.010742 0.026277
0 0.856934 0.686131 0.012695 0.023358
0 0.868164 0.868613 0.023438 0.046715
0 0.933594 0.748905 0.011719 0.023358
0 0.915039 0.866423 0.017578 0.030657
0 0.621582 0.803650 0.012695 0.021898
0 0.972168 0.643796 0.012695 0.023358
0 0.962891 0.616058 0.013672 0.026277
0 0.992676 0.618978 0.010742 0.023358
0 0.920898 0.636496 0.011719 0.023358
0 0.932129 0.614599 0.012695 0.026277
0 0.977051 0.572263 0.010742 0.026277
0 0.883789 0.649635 0.011719 0.020438
0 0.907227 0.623358 0.011719 0.029197
0 0.890137 0.627007 0.010742 0.021898
0 0.864746 0.624088 0.010742 0.024818
0 0.907715 0.597080 0.010742 0.020438
0 0.991699 0.529927 0.010742 0.023358
0 0.975098 0.532117 0.012695 0.024818
0 0.922363 0.578832 0.012695 0.024818
0 0.918945 0.552555 0.011719 0.021898
0 0.911133 0.528467 0.011719 0.023358
0 0.893555 0.535036 0.011719 0.021898
0 0.861328 0.537956 0.011719 0.021898
0 0.802246 0.539416 0.012695 0.024818
0 0.795410 0.573723 0.010742 0.023358
0 0.810059 0.586861 0.010742 0.023358
0 0.989746 0.437956 0.010742 0.020438
0 0.940918 0.459854 0.010742 0.023358
0 0.949707 0.505109 0.010742 0.020438
0 0.946289 0.538686 0.013672 0.023358
0 0.890137 0.377372 0.010742 0.018978
0 0.877930 0.397810 0.011719 0.021898
0 0.911621 0.317518 0.010742 0.021898
0 0.857422 0.296350 0.011719 0.020438
0 0.810059 0.456204 0.010742 0.021898
0 0.677246 0.321168 0.010742 0.017518
0 0.724121 0.406569 0.010742 0.018978
0 0.743164 0.404380 0.011719 0.023358
0 0.687012 0.390511 0.010742 0.018978
0 0.696777 0.458394 0.010742 0.020438
0 0.631348 0.537226 0.010742 0.020438
0 0.638184 0.464234 0.010742 0.017518
0 0.412598 0.527737 0.010742 0.018978
0 0.134277 0.683942 0.010742 0.021898
0 0.224609 0.672993 0.011719 0.023358
0 0.335449 0.640146 0.010742 0.021898
0 0.285156 0.648905 0.011719 0.021898
0 0.434082 0.640146 0.012695 0.021898
0 0.384766 0.636496 0.011719 0.023358
0 0.947266 0.175912 0.011719 0.021898
0 0.679688 0.195620 0.011719 0.020438
0 0.586426 0.164964 0.010742 0.020438
0 0.881348 0.519708 0.010742 0.023358
0 0.839844 0.536496 0.011719 0.021898
0 0.744629 0.314599 0.010742 0.018978
0 0.696777 0.315328 0.010742 0.017518
0 0.649902 0.318978 0.010742 0.018978
0 0.095703 0.543796 0.011719 0.021898
0 0.043457 0.526277 0.010742 0.018978
0 0.024902 0.469343 0.010742 0.018978
0 0.068848 0.462774 0.010742 0.017518
0 0.305176 0.443796 0.010742 0.020438
0 0.306152 0.410219 0.010742 0.020438
0 0.252441 0.481752 0.010742 0.020438
0 0.280762 0.363504 0.010742 0.017518
0 0.207520 0.472993 0.010742 0.020438
0 0.223145 0.462774 0.010742 0.020438
0 0.210449 0.430657 0.010742 0.020438
0 0.529785 0.393431 0.010742 0.018978
0 0.554199 0.394891 0.010742 0.018978
0 0.430176 0.367153 0.010742 0.018978
0 0.361816 0.395620 0.010742 0.020438
0 0.332520 0.412409 0.010742 0.021898
0 0.552734 0.358394 0.011719 0.021898
0 0.422363 0.353285 0.010742 0.020438
0 0.444824 0.436496 0.010742 0.020438
0 0.543457 0.423358 0.010742 0.020438
0 0.483887 0.452555 0.010742 0.020438
0 0.413574 0.445255 0.010742 0.020438
0 0.456543 0.190511 0.010742 0.018978
0 0.270020 0.298540 0.010742 0.018978
0 0.112793 0.375912 0.010742 0.018978
0 0.730469 0.060584 0.011719 0.016058
0 0.203125 0.891971 0.017578 0.037956
0 0.820801 0.091971 0.010742 0.017518
0 0.008789 0.890511 0.017578 0.029197
0 0.014648 0.549635 0.011719 0.018978
0 0.222168 0.558394 0.010742 0.021898