0 0.411621 0.294280 0.024414 0.053506
0 0.269043 0.233395 0.030273 0.060886
0 0.326660 0.222325 0.020508 0.035055
0 0.228516 0.238007 0.023438 0.047970
0 0.192871 0.272140 0.026367 0.046125
0 0.212891 0.185424 0.017578 0.038745
0 0.041504 0.207565 0.028320 0.053506
0 0.091797 0.180812 0.021484 0.036900
0 0.018066 0.218635 0.022461 0.053506
0 0.794434 0.250000 0.038086 0.086716
0 0.608398 0.279520 0.029297 0.057196
0 0.863770 0.290590 0.020508 0.038745
0 0.946777 0.273985 0.018555 0.035055
0 0.682129 0.259225 0.018555 0.038745
0 0.885742 0.236162 0.013672 0.029520
0 0.583984 0.201107 0.023438 0.059041
0 0.716309 0.211255 0.012695 0.023985
0 0.766602 0.284133 0.023438 0.047970
0 0.743652 0.281365 0.014648 0.023985
0 0.678711 0.210332 0.015625 0.029520
0 0.639648 0.219557 0.013672 0.022140
0 0.829590 0.241697 0.012695 0.025830
0 0.929688 0.246310 0.015625 0.027675
0 0.566895 0.229705 0.010742 0.027675
0 0.479004 0.257380 0.026367 0.064576