0 0.029297 0.395833 0.017578 0.031250
0 0.082520 0.411458 0.043945 0.078125
0 0.115723 0.381510 0.014648 0.033854
0 0.177734 0.347656 0.021484 0.039062
0 0.182129 0.395182 0.020508 0.045573
0 0.210938 0.440755 0.039062 0.066406
0 0.218750 0.381510 0.021484 0.033854
0 0.266113 0.405599 0.018555 0.032552
0 0.259277 0.380859 0.012695 0.022135
0 0.325684 0.448568 0.059570 0.097656
0 0.390137 0.375000 0.016602 0.028646
0 0.386719 0.346354 0.015625 0.026042
0 0.443359 0.364583 0.019531 0.036458
0 0.501953 0.391927 0.042969 0.075521
0 0.571289 0.387370 0.031250 0.063802
0 0.614746 0.369141 0.010742 0.022135
0 0.641113 0.380859 0.018555 0.037760
0 0.670410 0.463542 0.043945 0.072917
0 0.707031 0.351562 0.037109 0.072917
0 0.737305 0.406901 0.023438 0.048177
0 0.901367 0.462240 0.054688 0.111979
0 0.937500 0.357422 0.031250 0.058594
0 0.991699 0.378255 0.016602 0.032552
0 0.967773 0.380208 0.019531 0.033854