0 0.009277 0.313869 0.018555 0.029197
0 0.086426 0.293431 0.018555 0.029197
0 0.214844 0.318248 0.021484 0.037956
0 0.293945 0.308029 0.013672 0.020438
0 0.341309 0.340876 0.022461 0.036496
0 0.408203 0.305839 0.013672 0.021898
0 0.510254 0.312409 0.014648 0.026277
0 0.619141 0.332117 0.037109 0.059854
0 0.674316 0.329197 0.024414 0.039416
0 0.763672 0.309489 0.015625 0.026277
0 0.809570 0.310219 0.019531 0.030657
0 0.920410 0.323358 0.032227 0.042336
0 0.888672 0.321168 0.015625 0.029197
0 0.982910 0.306569 0.014648 0.020438