0 0.248535 0.579086 0.014648 0.033392
0 0.493652 0.624780 0.016602 0.040422
0 0.428223 0.550088 0.012695 0.031634
0 0.228516 0.570299 0.015625 0.033392
0 0.206543 0.556239 0.014648 0.029877
0 0.184082 0.548330 0.014648 0.028120
0 0.162109 0.529877 0.013672 0.029877
0 0.317871 0.566784 0.012695 0.033392
0 0.288574 0.554482 0.012695 0.033392
0 0.259766 0.545694 0.011719 0.029877
0 0.235840 0.536907 0.012695 0.029877
0 0.213867 0.523726 0.011719 0.028120
0 0.193359 0.514060 0.011719 0.026362
0 0.175293 0.503515 0.010742 0.026362
0 0.373535 0.553603 0.014648 0.035149
0 0.344238 0.551845 0.014648 0.031634
0 0.321777 0.531634 0.012695 0.029877
0 0.295898 0.527241 0.011719 0.028120
0 0.267578 0.518453 0.011719 0.028120
0 0.247070 0.504394 0.011719 0.028120
0 0.225586 0.496485 0.011719 0.029877
0 0.179199 0.478032 0.010742 0.021090
0 0.187988 0.447276 0.010742 0.022847
0 0.137695 0.521090 0.011719 0.026362
0 0.117676 0.509666 0.010742 0.024605
0 0.101074 0.498243 0.010742 0.026362
0 0.062012 0.479789 0.010742 0.024605
0 0.048340 0.471002 0.010742 0.024605
0 0.078613 0.454306 0.010742 0.022847
0 0.092285 0.463093 0.010742 0.026362
0 0.110840 0.473638 0.010742 0.022847
0 0.118652 0.444640 0.010742 0.024605
0 0.138672 0.455185 0.011719 0.024605
0 0.127441 0.485062 0.010742 0.024605
0 0.024902 0.458699 0.010742 0.024605
0 0.149414 0.496485 0.011719 0.022847
0 0.229004 0.470123 0.010742 0.022847
0 0.273926 0.458699 0.010742 0.021090
0 0.304199 0.448155 0.010742 0.024605
0 0.297363 0.471002 0.010742 0.024605
0 0.295410 0.500000 0.010742 0.022847
0 0.316895 0.509666 0.010742 0.021090
0 0.349121 0.490334 0.010742 0.021090
0 0.398438 0.539543 0.011719 0.028120
0 0.428223 0.519332 0.012695 0.022847
0 0.402344 0.483304 0.011719 0.021090
0 0.422852 0.462214 0.011719 0.021090
0 0.424805 0.490334 0.011719 0.021090
0 0.492188 0.536907 0.011719 0.029877
0 0.459961 0.524605 0.011719 0.029877
0 0.449219 0.499121 0.011719 0.021090
0 0.443848 0.405097 0.010742 0.019332
0 0.483887 0.505272 0.012695 0.026362
0 0.473633 0.486819 0.011719 0.021090
0 0.472656 0.459578 0.011719 0.022847
0 0.466309 0.442004 0.010742 0.019332
0 0.547363 0.528120 0.014648 0.029877
0 0.513184 0.516696 0.012695 0.024605
0 0.500488 0.490334 0.012695 0.024605
0 0.492676 0.446397 0.010742 0.021090
0 0.482910 0.398067 0.010742 0.022847
0 0.599121 0.522847 0.012695 0.029877
0 0.568848 0.506151 0.012695 0.028120
0 0.529297 0.498243 0.013672 0.029877
0 0.522461 0.475395 0.011719 0.022847
0 0.516602 0.458699 0.011719 0.021090
0 0.512207 0.432337 0.010742 0.021090
0 0.657227 0.513181 0.013672 0.031634
0 0.619629 0.500879 0.012695 0.028120
0 0.602051 0.478032 0.010742 0.024605
0 0.586914 0.496485 0.011719 0.026362
0 0.571777 0.470123 0.010742 0.026362
0 0.555176 0.484183 0.012695 0.026362
0 0.545410 0.463093 0.010742 0.022847
0 0.708008 0.510545 0.011719 0.026362
0 0.673340 0.497364 0.010742 0.024605
0 0.635254 0.488576 0.010742 0.028120
0 0.623535 0.465729 0.010742 0.024605
0 0.596680 0.458699 0.011719 0.021090
0 0.657715 0.471002 0.010742 0.021090
0 0.613770 0.442004 0.010742 0.022847
0 0.725586 0.489455 0.011719 0.026362
0 0.701172 0.464851 0.011719 0.022847
0 0.656738 0.434974 0.010742 0.022847
0 0.863770 0.630053 0.014648 0.033392
0 0.951172 0.551845 0.013672 0.031634
0 0.764160 0.500000 0.012695 0.026362
0 0.741699 0.478032 0.012695 0.028120
0 0.753906 0.456063 0.011719 0.026362
0 0.782227 0.484183 0.011719 0.026362
0 0.822266 0.488576 0.011719 0.028120
0 0.832031 0.475395 0.011719 0.029877
0 0.875000 0.482425 0.011719 0.026362