0 0.120117 0.475794 0.011719 0.022693
0 0.312012 0.291982 0.010742 0.015129
0 0.814453 0.527231 0.011719 0.019667
0 0.800781 0.588502 0.011719 0.021180
0 0.719727 0.595310 0.011719 0.022693
0 0.692383 0.679274 0.011719 0.021180
0 0.890137 0.425870 0.010742 0.019667
0 0.351074 0.362330 0.010742 0.019667
0 0.416504 0.365356 0.010742 0.016641
0 0.239746 0.421331 0.010742 0.019667
0 0.288574 0.377458 0.010742 0.016641
0 0.310547 0.409228 0.011719 0.019667
0 0.333008 0.472012 0.011719 0.018154
0 0.262207 0.468986 0.010742 0.018154
0 0.208984 0.524962 0.011719 0.021180
0 0.232422 0.590772 0.011719 0.022693
0 0.312988 0.590772 0.010742 0.022693
0 0.289062 0.527988 0.011719 0.018154
0 0.394043 0.590772 0.010742 0.022693
0 0.440430 0.525719 0.011719 0.022693
0 0.409180 0.468986 0.011719 0.018154
0 0.429199 0.665658 0.012695 0.027231
0 0.341309 0.667927 0.012695 0.025719
0 0.429199 0.293495 0.010742 0.018154
0 0.476074 0.463691 0.010742 0.019667
0 0.512207 0.521936 0.010742 0.021180
0 0.548340 0.465961 0.010742 0.018154
0 0.577637 0.414523 0.010742 0.015129
0 0.604004 0.370651 0.010742 0.018154
0 0.469727 0.591528 0.011719 0.021180
0 0.559082 0.593797 0.010742 0.022693
0 0.521973 0.667927 0.012695 0.025719
0 0.608398 0.669440 0.011719 0.022693
0 0.638672 0.598336 0.011719 0.022693
0 0.615723 0.463691 0.010742 0.019667