0 0.014160 0.533577 0.010742 0.021898
0 0.051758 0.543796 0.011719 0.027737
0 0.103516 0.565693 0.011719 0.024818
0 0.179688 0.608029 0.013672 0.024818
0 0.093262 0.518978 0.012695 0.021898
0 0.271973 0.574453 0.014648 0.027737
0 0.300781 0.581022 0.015625 0.032117
0 0.345215 0.525547 0.010742 0.017518
0 0.356934 0.581022 0.014648 0.032117
0 0.392578 0.556204 0.011719 0.026277
0 0.445801 0.533577 0.016602 0.033577
0 0.518066 0.536496 0.010742 0.016058
0 0.520508 0.592701 0.015625 0.026277
0 0.559082 0.518248 0.010742 0.017518
0 0.553223 0.570803 0.014648 0.026277
0 0.600586 0.558394 0.013672 0.030657
0 0.623047 0.562044 0.011719 0.026277
0 0.631348 0.543796 0.010742 0.021898
0 0.668945 0.581022 0.015625 0.029197
0 0.743164 0.577372 0.015625 0.024818
0 0.777832 0.572263 0.012695 0.023358
0 0.768066 0.547445 0.010742 0.017518
0 0.803711 0.583212 0.013672 0.024818
0 0.877930 0.563504 0.015625 0.029197
0 0.955078 0.582482 0.015625 0.032117