0 0.166016 0.532211 0.017578 0.027818
0 0.236816 0.522694 0.018555 0.032211
0 0.316895 0.521962 0.016602 0.027818
0 0.193359 0.434846 0.013672 0.029283
0 0.235840 0.474378 0.014648 0.032211
0 0.302246 0.460469 0.014648 0.027818
0 0.350098 0.497804 0.014648 0.029283
0 0.359863 0.404832 0.012695 0.024890
0 0.317383 0.374817 0.013672 0.023426
0 0.263184 0.392387 0.014648 0.029283
0 0.213379 0.361640 0.014648 0.026354
0 0.216797 0.307467 0.011719 0.020498
0 0.264160 0.301611 0.012695 0.023426
0 0.283691 0.326501 0.012695 0.026354
0 0.224121 0.254758 0.010742 0.023426
0 0.269043 0.245242 0.012695 0.021962
0 0.341309 0.239385 0.012695 0.024890
0 0.384277 0.265007 0.012695 0.020498
0 0.332520 0.307467 0.012695 0.023426
0 0.370117 0.333821 0.013672 0.023426
0 0.420898 0.323572 0.011719 0.020498
0 0.419434 0.222548 0.012695 0.023426
0 0.409668 0.378477 0.012695 0.021962
0 0.501465 0.533675 0.016602 0.030747
0 0.398438 0.556369 0.015625 0.032211
0 0.450684 0.491215 0.014648 0.024890
0 0.403809 0.444363 0.014648 0.030747
0 0.453613 0.412884 0.012695 0.026354
0 0.503906 0.444363 0.015625 0.030747
0 0.556152 0.490483 0.014648 0.026354
0 0.550293 0.424597 0.014648 0.029283
0 0.600586 0.450952 0.013672 0.026354
0 0.455566 0.346999 0.012695 0.023426
0 0.499512 0.363836 0.012695 0.024890
0 0.545410 0.342606 0.012695 0.023426
0 0.498047 0.290630 0.011719 0.021962
0 0.502930 0.234261 0.011719 0.023426
0 0.540527 0.278184 0.012695 0.023426
0 0.565430 0.243777 0.011719 0.021962
0 0.583496 0.287701 0.010742 0.021962
0 0.616699 0.273792 0.012695 0.020498
0 0.646973 0.243045 0.010742 0.023426
0 0.593750 0.366032 0.013672 0.026354
0 0.633301 0.352123 0.012695 0.024890
0 0.645996 0.409956 0.012695 0.023426
0 0.665527 0.300878 0.012695 0.021962
0 0.700684 0.289165 0.012695 0.021962
0 0.712402 0.246706 0.010742 0.021962
0 0.764160 0.258419 0.010742 0.021962
0 0.806641 0.267204 0.011719 0.021962
0 0.816895 0.299414 0.012695 0.024890
0 0.762695 0.367496 0.013672 0.026354
0 0.717773 0.333821 0.013672 0.023426
0 0.741699 0.298682 0.012695 0.020498
0 0.680176 0.375549 0.014648 0.024890
0 0.737793 0.409224 0.014648 0.027818
0 0.841309 0.366764 0.012695 0.024890
0 0.723633 0.519034 0.017578 0.036603
0 0.771484 0.497072 0.015625 0.027818
0 0.828613 0.516837 0.018555 0.032211
0 0.801758 0.456808 0.013672 0.026354
0 0.705078 0.449488 0.015625 0.029283
0 0.660645 0.497804 0.014648 0.026354
0 0.612793 0.527818 0.014648 0.027818
0 0.911621 0.512445 0.016602 0.032211
0 0.866211 0.448023 0.015625 0.026354