0 0.584961 0.242839 0.046875 0.074219
0 0.370117 0.240234 0.046875 0.079427
0 0.127441 0.254557 0.043945 0.074219
0 0.496582 0.272786 0.028320 0.045573
0 0.877930 0.214844 0.050781 0.070312
0 0.687012 0.262370 0.032227 0.048177
0 0.315430 0.263021 0.029297 0.044271
0 0.270996 0.237630 0.018555 0.037760
0 0.026367 0.236328 0.017578 0.029948
0 0.173340 0.249349 0.012695 0.027344
0 0.192871 0.255208 0.012695 0.026042
0 0.637207 0.251302 0.016602 0.026042
0 0.971191 0.238281 0.018555 0.028646
0 0.817383 0.223307 0.015625 0.027344
0 0.065918 0.267578 0.010742 0.019531
0 0.457520 0.242839 0.012695 0.019531
0 0.526367 0.250651 0.021484 0.027344
0 0.708984 0.240234 0.015625 0.019531