0 0.509277 0.722548 0.012695 0.021962
0 0.489746 0.721816 0.010742 0.020498
0 0.512207 0.704978 0.010742 0.019034
0 0.499023 0.681552 0.011719 0.019034
0 0.485840 0.660322 0.010742 0.017570
0 0.506836 0.631772 0.011719 0.021962
0 0.570312 0.654466 0.013672 0.020498
0 0.594238 0.631040 0.010742 0.020498
0 0.444336 0.808931 0.011719 0.021962
0 0.475586 0.754758 0.013672 0.021962
0 0.368652 0.844802 0.012695 0.026354
0 0.360840 0.744510 0.010742 0.021962
0 0.374512 0.737189 0.012695 0.021962
0 0.434082 0.653734 0.010742 0.019034
0 0.417969 0.658126 0.011719 0.019034
0 0.753906 0.937042 0.015625 0.026354
0 0.335449 0.865300 0.014648 0.026354
0 0.307129 0.882870 0.010742 0.023426
0 0.335938 0.708638 0.013672 0.023426
0 0.245605 0.755490 0.010742 0.020498
0 0.237793 0.733529 0.010742 0.023426
0 0.229004 0.699122 0.010742 0.021962
0 0.188965 0.751830 0.012695 0.019034
0 0.560547 0.918741 0.015625 0.030747
0 0.555664 0.857980 0.013672 0.026354
0 0.529785 0.887262 0.014648 0.029283
0 0.520996 0.844802 0.014648 0.029283
0 0.492676 0.821376 0.012695 0.026354
0 0.528809 0.738653 0.012695 0.021962
0 0.587402 0.759151 0.014648 0.016105
0 0.553711 0.712299 0.011719 0.024890
0 0.177734 0.743045 0.013672 0.021962
0 0.221191 0.752562 0.012695 0.020498
0 0.026855 0.781113 0.012695 0.019034
0 0.102051 0.700586 0.010742 0.016105
0 0.158203 0.708638 0.011719 0.020498
0 0.182129 0.693997 0.012695 0.020498
0 0.143066 0.737921 0.012695 0.020498
0 0.120605 0.800878 0.010742 0.020498
0 0.061035 0.669839 0.010742 0.019034
0 0.107910 0.609078 0.010742 0.020498
0 0.142090 0.543924 0.010742 0.016105
0 0.189453 0.642753 0.011719 0.020498
0 0.898926 0.439239 0.014648 0.023426
0 0.868652 0.426794 0.010742 0.021962
0 0.827637 0.387262 0.012695 0.021962
0 0.777832 0.374085 0.012695 0.021962
0 0.795410 0.371157 0.012695 0.019034
0 0.754395 0.364568 0.012695 0.020498
0 0.733887 0.367496 0.010742 0.020498
0 0.673340 0.423133 0.012695 0.020498
0 0.700684 0.377013 0.010742 0.024890
0 0.642578 0.360176 0.011719 0.020498
0 0.945801 0.755490 0.010742 0.020498
0 0.965332 0.744510 0.012695 0.019034
0 0.985840 0.800878 0.012695 0.023426
0 0.984375 0.721816 0.011719 0.020498
0 0.951172 0.690337 0.011719 0.019034
0 0.981934 0.690337 0.012695 0.021962
0 0.977051 0.718155 0.010742 0.019034
0 0.958008 0.648609 0.015625 0.026354
0 0.007324 0.612738 0.010742 0.019034
0 0.191406 0.816984 0.011719 0.017570