0 0.079102 0.430473 0.019531 0.032544
0 0.099121 0.409024 0.022461 0.045858
0 0.123047 0.411243 0.025391 0.044379
0 0.160645 0.372781 0.028320 0.053254
0 0.284180 0.421598 0.023438 0.044379
0 0.337891 0.386095 0.027344 0.047337
0 0.388184 0.391272 0.026367 0.048817
0 0.472656 0.435651 0.027344 0.051775
0 0.502930 0.429734 0.015625 0.031065
0 0.550781 0.423077 0.025391 0.047337
0 0.609863 0.414201 0.024414 0.050296
0 0.767090 0.269970 0.036133 0.078402
0 0.877930 0.482249 0.011719 0.017751
0 0.888184 0.472633 0.010742 0.022189
0 0.862793 0.556953 0.012695 0.025148
0 0.901855 0.556213 0.014648 0.032544
0 0.948730 0.446746 0.020508 0.044379
0 0.841797 0.477811 0.019531 0.035503
0 0.894531 0.582101 0.011719 0.022189