0 0.077637 0.494111 0.055664 0.064782
0 0.165527 0.522379 0.028320 0.050648
0 0.236328 0.558304 0.027344 0.032980
0 0.206055 0.543581 0.011719 0.017668
0 0.280762 0.547114 0.036133 0.057715
0 0.427246 0.530035 0.040039 0.058893
0 0.377930 0.554770 0.017578 0.018846
0 0.474609 0.542403 0.015625 0.024735
0 0.686523 0.538869 0.011719 0.017668
0 0.695312 0.558893 0.011719 0.020024
0 0.709473 0.578916 0.016602 0.034158
0 0.708496 0.639576 0.014648 0.025913
0 0.676270 0.561249 0.010742 0.017668
0 0.722656 0.521201 0.013672 0.022379
0 0.762207 0.545347 0.016602 0.030624
0 0.719238 0.550059 0.010742 0.016490
0 0.781250 0.558304 0.019531 0.030624
0 0.860352 0.635453 0.017578 0.027091
0 0.872070 0.556537 0.017578 0.034158
0 0.838867 0.544170 0.017578 0.030624
0 0.804199 0.525913 0.018555 0.031802
0 0.952637 0.553592 0.018555 0.030624
0 0.970703 0.578916 0.011719 0.027091
0 0.989258 0.563604 0.017578 0.029446
0 0.979492 0.532391 0.017578 0.028269
0 0.852539 0.481154 0.015625 0.022379
0 0.897461 0.477621 0.013672 0.022379
0 0.963867 0.462898 0.011719 0.018846