0 0.033203 0.364568 0.033203 0.058565
0 0.128418 0.277452 0.047852 0.074671
0 0.236328 0.395315 0.025391 0.052709
0 0.226074 0.390922 0.026367 0.052709
0 0.291992 0.365300 0.027344 0.051245
0 0.318848 0.389458 0.034180 0.049780
0 0.393066 0.222548 0.043945 0.073206
0 0.481445 0.350659 0.031250 0.065886
0 0.557617 0.319180 0.033203 0.061493
0 0.641602 0.224744 0.046875 0.080527
0 0.712891 0.333089 0.033203 0.062958
0 0.787109 0.284773 0.035156 0.060029
0 0.871582 0.300146 0.036133 0.055637
0 0.924316 0.236457 0.045898 0.083455