0 0.116211 0.631510 0.031250 0.046875
0 0.294434 0.593750 0.026367 0.039062
0 0.446289 0.573568 0.031250 0.042969
0 0.490234 0.628255 0.025391 0.037760
0 0.217285 0.529297 0.018555 0.027344
0 0.187500 0.591797 0.019531 0.027344
0 0.050293 0.462240 0.020508 0.031250
0 0.263672 0.456380 0.015625 0.024740
0 0.333008 0.484375 0.017578 0.026042
0 0.466309 0.533203 0.020508 0.032552
0 0.327637 0.457031 0.014648 0.023438
0 0.537109 0.490885 0.015625 0.018229
0 0.614258 0.453125 0.013672 0.020833
0 0.756348 0.535156 0.024414 0.049479
0 0.626953 0.688802 0.025391 0.044271
0 0.854492 0.515625 0.029297 0.028646
0 0.958008 0.467448 0.021484 0.036458
0 0.927246 0.449219 0.014648 0.020833
0 0.885254 0.648438 0.016602 0.028646
0 0.681641 0.555339 0.017578 0.024740
0 0.676758 0.472005 0.011719 0.024740
0 0.480469 0.465495 0.011719 0.016927
0 0.253906 0.290365 0.029297 0.039062