0 0.676270 0.358724 0.028320 0.045573
0 0.607422 0.354818 0.039062 0.055990
0 0.506348 0.370443 0.030273 0.048177
0 0.448242 0.377604 0.042969 0.057292
0 0.413086 0.369141 0.021484 0.035156
0 0.375977 0.395182 0.027344 0.040365
0 0.326660 0.383464 0.018555 0.040365
0 0.277832 0.395833 0.018555 0.026042
0 0.219727 0.391276 0.017578 0.027344
0 0.246582 0.343750 0.016602 0.018229
0 0.215332 0.365234 0.016602 0.022135
0 0.188965 0.343750 0.010742 0.013021
0 0.393555 0.338542 0.011719 0.020833
0 0.721680 0.395182 0.035156 0.058594