0 0.148438 0.231771 0.013672 0.023438
0 0.115723 0.244792 0.016602 0.023438
0 0.241699 0.281250 0.018555 0.039062
0 0.304688 0.302734 0.021484 0.032552
0 0.320312 0.276042 0.021484 0.033854
0 0.345703 0.279948 0.021484 0.039062
0 0.380859 0.273438 0.023438 0.044271
0 0.413086 0.275391 0.023438 0.045573
0 0.455566 0.292969 0.022461 0.041667
0 0.459473 0.246745 0.020508 0.037760
0 0.412109 0.212240 0.017578 0.033854
0 0.356445 0.259766 0.017578 0.032552
0 0.336914 0.241536 0.021484 0.037760
0 0.290039 0.274089 0.019531 0.032552
0 0.442383 0.176432 0.013672 0.022135
0 0.485352 0.148438 0.023438 0.052083
0 0.775879 0.311198 0.020508 0.031250
0 0.679688 0.296224 0.017578 0.029948
0 0.608398 0.249349 0.011719 0.019531
0 0.727051 0.283203 0.010742 0.019531
0 0.859863 0.175130 0.022461 0.032552
0 0.914062 0.156901 0.019531 0.037760
0 0.711426 0.221354 0.012695 0.023438
0 0.782227 0.284505 0.015625 0.024740
0 0.828125 0.261068 0.013672 0.029948
0 0.694336 0.263021 0.015625 0.028646
0 0.712402 0.281250 0.012695 0.026042
0 0.750977 0.062500 0.027344 0.039062