0 0.813477 0.457682 0.017578 0.027344
0 0.776367 0.475260 0.017578 0.023438
0 0.735840 0.472656 0.016602 0.023438
0 0.693848 0.490234 0.016602 0.024740
0 0.666992 0.477214 0.013672 0.022135
0 0.637695 0.484375 0.017578 0.026042
0 0.608398 0.489583 0.015625 0.023438
0 0.588379 0.488932 0.014648 0.024740
0 0.856934 0.494141 0.010742 0.019531
0 0.478027 0.473307 0.014648 0.027344
0 0.521973 0.482422 0.010742 0.019531
0 0.550293 0.503255 0.012695 0.022135
0 0.507812 0.482422 0.011719 0.022135
0 0.451660 0.468099 0.014648 0.024740
0 0.406738 0.472656 0.014648 0.026042
0 0.390625 0.482422 0.011719 0.022135
0 0.306641 0.481771 0.015625 0.020833
0 0.119629 0.475911 0.018555 0.027344
0 0.060059 0.474609 0.014648 0.019531
0 0.983398 0.496094 0.011719 0.015625