0 0.858398 0.169065 0.011719 0.018705
0 0.794434 0.156115 0.018555 0.033094
0 0.767090 0.166906 0.010742 0.025899
0 0.749512 0.136691 0.012695 0.014388
0 0.774902 0.149640 0.010742 0.023022
0 0.821289 0.161151 0.011719 0.020144
0 0.919434 0.178417 0.014648 0.031655
0 0.491211 0.208633 0.035156 0.074820
0 0.293457 0.219424 0.038086 0.073381
0 0.677734 0.553237 0.042969 0.064748
0 0.887695 0.570504 0.048828 0.067626
0 0.566895 0.761871 0.057617 0.093525
0 0.441406 0.719424 0.064453 0.097842
0 0.521973 0.568345 0.047852 0.080576
0 0.248535 0.590647 0.045898 0.073381
0 0.432129 0.550360 0.049805 0.082014
0 0.719727 0.188489 0.031250 0.054676
0 0.548828 0.216547 0.029297 0.044604
0 0.372070 0.229496 0.033203 0.047482
0 0.078613 0.182014 0.030273 0.050360
0 0.166992 0.155396 0.021484 0.040288
0 0.124512 0.150360 0.016602 0.027338
0 0.218750 0.141727 0.017578 0.030216
0 0.186523 0.157554 0.017578 0.027338
0 0.253418 0.137410 0.020508 0.033094
0 0.299805 0.158273 0.019531 0.028777
0 0.334473 0.166187 0.018555 0.024460
0 0.322754 0.209353 0.022461 0.041727
0 0.377930 0.154676 0.019531 0.024460
0 0.402832 0.182014 0.018555 0.027338
0 0.457031 0.172662 0.021484 0.031655
0 0.463867 0.123741 0.021484 0.037410
0 0.539551 0.128058 0.018555 0.028777
0 0.524414 0.190647 0.017578 0.027338
0 0.590332 0.184173 0.020508 0.031655
0 0.675781 0.117986 0.013672 0.025899
0 0.693359 0.156835 0.015625 0.023022
0 0.942871 0.194964 0.018555 0.035971
0 0.977051 0.173381 0.010742 0.021583