0 0.180664 0.192162 0.230469 0.173198
0 0.485352 0.152023 0.175781 0.143489
0 0.647949 0.162137 0.016602 0.013274
0 0.674316 0.140013 0.018555 0.012010
0 0.832031 0.082174 0.013672 0.012642
0 0.864746 0.073957 0.014648 0.012642
0 0.903809 0.064159 0.016602 0.012010
0 0.066895 0.364412 0.028320 0.022124
0 0.470703 0.532554 0.113281 0.082807
0 0.664062 0.438685 0.121094 0.093552
0 0.753906 0.400442 0.115234 0.092920
0 0.889160 0.384008 0.116211 0.110619
0 0.755859 0.574589 0.025391 0.024020
0 0.862305 0.593236 0.027344 0.025917
0 0.054688 0.825537 0.025391 0.026549
0 0.156738 0.838496 0.026367 0.023388
0 0.276855 0.847029 0.034180 0.031606
0 0.331543 0.808786 0.030273 0.023388
0 0.481934 0.826169 0.024414 0.025284
0 0.520996 0.844817 0.020508 0.019595
0 0.512695 0.803413 0.015625 0.017699
0 0.573730 0.846397 0.026367 0.025284
0 0.651367 0.818268 0.021484 0.020860
0 0.692871 0.800569 0.014648 0.015803
0 0.701660 0.846081 0.024414 0.022124
0 0.823242 0.846081 0.023438 0.024652
0 0.808105 0.815424 0.014648 0.016435
0 0.901855 0.817320 0.014648 0.012642
0 0.898926 0.847345 0.020508 0.022124
0 0.923340 0.820164 0.026367 0.025917