0 0.078613 0.645182 0.014648 0.029948
0 0.121582 0.652995 0.010742 0.019531
0 0.057617 0.724609 0.011719 0.024740
0 0.078613 0.718750 0.010742 0.026042
0 0.207031 0.625651 0.021484 0.029948
0 0.251953 0.662760 0.013672 0.023438
0 0.295898 0.598958 0.013672 0.031250
0 0.321289 0.607422 0.015625 0.032552
0 0.383301 0.664714 0.016602 0.027344
0 0.461914 0.402995 0.023438 0.037760
0 0.652344 0.628906 0.015625 0.023438
0 0.695312 0.664714 0.011719 0.022135
0 0.721191 0.651693 0.014648 0.024740
0 0.741211 0.647786 0.017578 0.027344
0 0.831543 0.712891 0.010742 0.024740
0 0.896973 0.712891 0.016602 0.027344
0 0.870117 0.772786 0.011719 0.016927
0 0.933105 0.708333 0.014648 0.033854
0 0.926270 0.684245 0.012695 0.019531
0 0.962891 0.746745 0.011719 0.022135
0 0.920898 0.733073 0.013672 0.023438
0 0.994141 0.776693 0.011719 0.029948