0 0.473633 0.134146 0.091797 0.146341
0 0.492676 0.035976 0.028320 0.042683
0 0.521973 0.079268 0.020508 0.043902
0 0.575684 0.056707 0.028320 0.042683
0 0.629883 0.045122 0.041016 0.075610
0 0.009277 0.123171 0.016602 0.080488
0 0.017090 0.070732 0.028320 0.065854
0 0.042480 0.046341 0.016602 0.031707
0 0.066406 0.034146 0.023438 0.039024
0 0.095703 0.042683 0.029297 0.053659
0 0.123535 0.024390 0.024414 0.036585
0 0.162598 0.103049 0.038086 0.067073
0 0.362305 0.089634 0.017578 0.037805
0 0.377441 0.054878 0.024414 0.036585
0 0.742676 0.074390 0.057617 0.092683
0 0.849609 0.036585 0.037109 0.053659
0 0.951172 0.070732 0.039062 0.060976
0 0.219727 0.041463 0.017578 0.039024
0 0.307617 0.086585 0.017578 0.048780