0 0.056641 0.643216 0.013672 0.020101
0 0.211426 0.643719 0.012695 0.019095
0 0.291504 0.678894 0.020508 0.025126
0 0.373535 0.619598 0.010742 0.015075
0 0.413086 0.693970 0.035156 0.045226
0 0.020020 0.711055 0.026367 0.035176
0 0.543457 0.629648 0.010742 0.013065
0 0.590332 0.633166 0.022461 0.032161
0 0.616699 0.634673 0.010742 0.013065
0 0.679199 0.620101 0.010742 0.014070
0 0.711426 0.629146 0.016602 0.022111
0 0.757324 0.641206 0.014648 0.018090
0 0.802246 0.627638 0.012695 0.015075
0 0.829590 0.619095 0.012695 0.012060