0 0.119629 0.523002 0.020508 0.062954
0 0.190918 0.282082 0.014648 0.050847
0 0.215820 0.273608 0.021484 0.058111
0 0.248047 0.458838 0.033203 0.084746
0 0.167969 0.535109 0.046875 0.140436
0 0.367188 0.487893 0.078125 0.230024
0 0.405762 0.277240 0.045898 0.118644
0 0.431152 0.205811 0.024414 0.067797
0 0.516602 0.475787 0.048828 0.171913
0 0.567871 0.369249 0.057617 0.181598
0 0.267578 0.279661 0.013672 0.036320
0 0.089844 0.336562 0.013672 0.033898
0 0.633789 0.383777 0.082031 0.259080
0 0.665527 0.190073 0.079102 0.263923
0 0.795898 0.280872 0.087891 0.251816
0 0.829102 0.064165 0.017578 0.036320
0 0.884277 0.082324 0.012695 0.043584
0 0.929199 0.098063 0.018555 0.055690
0 0.950195 0.313559 0.021484 0.055690
0 0.974121 0.286925 0.024414 0.055690
0 0.868652 0.355932 0.018555 0.077482
0 0.907715 0.393462 0.022461 0.079903
0 0.007324 0.652542 0.014648 0.147700