0 0.025879 0.322917 0.040039 0.067708
0 0.094238 0.358073 0.028320 0.049479
0 0.079102 0.345052 0.023438 0.036458
0 0.230957 0.411458 0.028320 0.046875
0 0.250000 0.416016 0.017578 0.032552
0 0.314941 0.500000 0.030273 0.052083
0 0.301758 0.438802 0.025391 0.039062
0 0.321777 0.386719 0.024414 0.033854
0 0.390625 0.457682 0.027344 0.048177
0 0.429199 0.503255 0.030273 0.053385
0 0.491211 0.354818 0.013672 0.029948
0 0.583984 0.440104 0.037109 0.059896
0 0.528809 0.436849 0.026367 0.048177
0 0.550781 0.418620 0.025391 0.045573
0 0.495117 0.412760 0.017578 0.033854
0 0.486816 0.451172 0.016602 0.027344
0 0.535156 0.348958 0.019531 0.036458
0 0.554688 0.343750 0.023438 0.046875
0 0.635742 0.408203 0.027344 0.040365
0 0.612793 0.414062 0.014648 0.023438
0 0.668457 0.429688 0.030273 0.052083
0 0.711914 0.425781 0.019531 0.039062
0 0.677246 0.335286 0.012695 0.027344
0 0.754395 0.332682 0.012695 0.024740
0 0.763672 0.412109 0.029297 0.053385
0 0.782227 0.356771 0.023438 0.039062
0 0.815918 0.333984 0.016602 0.027344
0 0.859863 0.337891 0.026367 0.037760
0 0.860352 0.458333 0.027344 0.036458
0 0.893555 0.346354 0.017578 0.033854
0 0.707520 0.349609 0.010742 0.014323
0 0.764648 0.337891 0.011719 0.027344
0 0.924805 0.236328 0.035156 0.074219
0 0.571777 0.332031 0.016602 0.036458