0 0.017578 0.385417 0.035156 0.072917
0 0.077637 0.388021 0.032227 0.044271
0 0.062012 0.378906 0.016602 0.039062
0 0.121582 0.386068 0.028320 0.042969
0 0.102539 0.308594 0.019531 0.033854
0 0.172363 0.289062 0.020508 0.031250
0 0.152832 0.351562 0.024414 0.046875
0 0.201172 0.338542 0.023438 0.039062
0 0.168945 0.413411 0.046875 0.063802
0 0.203613 0.625651 0.098633 0.136719
0 0.335938 0.434245 0.037109 0.055990
0 0.275391 0.384766 0.019531 0.042969
0 0.302734 0.353516 0.027344 0.048177
0 0.314941 0.345703 0.018555 0.029948
0 0.359863 0.317708 0.012695 0.028646
0 0.372559 0.383464 0.022461 0.042969
0 0.415039 0.401693 0.021484 0.040365
0 0.431641 0.365885 0.013672 0.031250
0 0.468262 0.384766 0.038086 0.074219
0 0.511230 0.412760 0.049805 0.072917
0 0.539551 0.326172 0.020508 0.035156
0 0.539062 0.301432 0.015625 0.019531
0 0.587891 0.296875 0.017578 0.023438
0 0.628418 0.370443 0.018555 0.040365
0 0.630859 0.342448 0.021484 0.026042
0 0.675781 0.347005 0.021484 0.037760
0 0.702148 0.352865 0.021484 0.036458
0 0.739258 0.359375 0.017578 0.033854
0 0.710938 0.409505 0.027344 0.037760
0 0.766113 0.364583 0.020508 0.039062
0 0.763672 0.292318 0.015625 0.027344
0 0.784180 0.328125 0.013672 0.026042
0 0.821289 0.296875 0.013672 0.023438
0 0.813477 0.362630 0.019531 0.035156
0 0.689453 0.322266 0.015625 0.022135
0 0.980957 0.318359 0.014648 0.024740
0 0.930664 0.330729 0.017578 0.033854
0 0.940918 0.319661 0.010742 0.022135
0 0.938965 0.348307 0.024414 0.035156
0 0.894043 0.333333 0.018555 0.026042
0 0.866699 0.345703 0.016602 0.035156
0 0.942871 0.402995 0.016602 0.037760