0 0.041016 0.296224 0.017578 0.019531
0 0.080078 0.296224 0.015625 0.019531
0 0.114746 0.275391 0.012695 0.024740
0 0.177246 0.247396 0.016602 0.026042
0 0.129395 0.337891 0.022461 0.040365
0 0.211426 0.337240 0.022461 0.031250
0 0.293457 0.335286 0.018555 0.029948
0 0.307129 0.263021 0.012695 0.023438
0 0.362305 0.319010 0.013672 0.028646
0 0.359863 0.335286 0.016602 0.053385
0 0.427246 0.309896 0.014648 0.033854
0 0.403320 0.238281 0.013672 0.023438
0 0.477051 0.296224 0.016602 0.027344
0 0.523438 0.302083 0.015625 0.026042
0 0.568359 0.300781 0.013672 0.020833
0 0.612793 0.293620 0.010742 0.022135
0 0.751465 0.280599 0.010742 0.016927
0 0.807129 0.291016 0.010742 0.022135
0 0.907715 0.275391 0.010742 0.019531