0 0.067871 0.089481 0.018555 0.025956
0 0.046387 0.017077 0.016602 0.028689
0 0.095703 0.040984 0.015625 0.030055
0 0.148926 0.036202 0.016602 0.028689
0 0.122559 0.052596 0.014648 0.023224
0 0.206543 0.035519 0.018555 0.027322
0 0.166016 0.085383 0.013672 0.025956
0 0.103027 0.090164 0.014648 0.035519
0 0.015137 0.130464 0.012695 0.028689
0 0.065918 0.174180 0.016602 0.031421
0 0.050781 0.234290 0.013672 0.028689
0 0.032227 0.359973 0.029297 0.042350
0 0.124023 0.342896 0.023438 0.038251
0 0.216309 0.344945 0.020508 0.036885
0 0.312988 0.371585 0.024414 0.035519
0 0.408203 0.306011 0.029297 0.049180
0 0.264160 0.209699 0.018555 0.031421
0 0.285156 0.220628 0.017578 0.025956
0 0.353027 0.234973 0.016602 0.032787
0 0.238281 0.063525 0.011719 0.025956
0 0.254883 0.051230 0.019531 0.025956
0 0.266602 0.090847 0.013672 0.025956
0 0.355469 0.123634 0.013672 0.028689
0 0.487305 0.170082 0.019531 0.031421
0 0.540527 0.184426 0.016602 0.035519
0 0.508789 0.115437 0.017578 0.028689
0 0.539551 0.119536 0.016602 0.034153
0 0.540527 0.079235 0.016602 0.024590
0 0.559082 0.111339 0.020508 0.039617
0 0.462891 0.112022 0.017578 0.035519
0 0.500000 0.064208 0.017578 0.027322
0 0.590332 0.084699 0.016602 0.024590
0 0.567871 0.203552 0.014648 0.030055
0 0.548340 0.239754 0.012695 0.028689
0 0.499512 0.368852 0.028320 0.038251
0 0.580566 0.345628 0.026367 0.038251
0 0.709961 0.257514 0.039062 0.058743
0 0.647461 0.207650 0.017578 0.032787
0 0.528320 0.015710 0.015625 0.023224
0 0.590332 0.041667 0.016602 0.025956
0 0.675293 0.077869 0.014648 0.027322
0 0.656250 0.068306 0.013672 0.024590
0 0.651367 0.022541 0.013672 0.028689
0 0.738281 0.029372 0.017578 0.031421
0 0.783691 0.038251 0.014648 0.027322
0 0.803223 0.038934 0.016602 0.034153
0 0.839844 0.070355 0.019531 0.031421
0 0.796387 0.097678 0.016602 0.034153
0 0.730469 0.090164 0.017578 0.032787
0 0.822754 0.176913 0.020508 0.031421
0 0.854492 0.163934 0.015625 0.032787
0 0.795410 0.329235 0.032227 0.051913
0 0.863770 0.343579 0.028320 0.042350
0 0.897461 0.321038 0.015625 0.030055
0 0.977539 0.210383 0.019531 0.030055
0 0.927246 0.135929 0.016602 0.028689
0 0.906250 0.053279 0.021484 0.038251
0 0.984863 0.047814 0.016602 0.027322
0 0.918457 0.096995 0.016602 0.032787
0 0.748535 0.063525 0.014648 0.031421
0 0.749512 0.191940 0.016602 0.034153
0 0.347168 0.043033 0.016602 0.025956
0 0.032715 0.072404 0.014648 0.030055
0 0.053711 0.047814 0.015625 0.030055
0 0.331055 0.316940 0.021484 0.032787