0 0.102539 0.076135 0.031250 0.052709
0 0.273926 0.245974 0.028320 0.052709
0 0.306152 0.325037 0.032227 0.061493
0 0.189941 0.396779 0.032227 0.064422
0 0.062988 0.457540 0.045898 0.086384
0 0.372070 0.498536 0.035156 0.054173
0 0.478027 0.241581 0.022461 0.038067
0 0.479004 0.393851 0.028320 0.058565
0 0.381348 0.215959 0.024414 0.042460
0 0.590332 0.172035 0.024414 0.042460
0 0.670410 0.383602 0.032227 0.073206
0 0.538574 0.393851 0.028320 0.052709
0 0.535156 0.677892 0.041016 0.079063
0 0.702637 0.770132 0.043945 0.099561
0 0.300293 0.680820 0.041992 0.087848
0 0.387207 0.349927 0.034180 0.061493
0 0.891602 0.481698 0.042969 0.073206
0 0.738281 0.396047 0.037109 0.065886
0 0.246582 0.890190 0.045898 0.096633