0 0.096191 0.565104 0.073242 0.122396
0 0.139648 0.546875 0.052734 0.106771
0 0.020020 0.501953 0.036133 0.095052
0 0.052246 0.414714 0.045898 0.089844
0 0.174805 0.448568 0.041016 0.102865
0 0.107910 0.451823 0.018555 0.039062
0 0.397949 0.391927 0.243164 0.395833
0 0.612793 0.463542 0.026367 0.054688
0 0.667480 0.497396 0.040039 0.062500
0 0.638672 0.433594 0.019531 0.039062
0 0.673340 0.396484 0.018555 0.029948
0 0.695312 0.431641 0.017578 0.037760
0 0.727539 0.436198 0.027344 0.041667
0 0.656250 0.410156 0.013672 0.023438
0 0.732910 0.414062 0.016602 0.026042
0 0.765137 0.553385 0.067383 0.132812
0 0.963379 0.656250 0.067383 0.216146
0 0.991699 0.424479 0.014648 0.080729
0 0.938477 0.474609 0.021484 0.032552
0 0.960449 0.504557 0.018555 0.027344
0 0.903809 0.445312 0.022461 0.039062
0 0.865723 0.432292 0.020508 0.052083
0 0.929199 0.441406 0.014648 0.026042