0 0.252441 0.464193 0.016602 0.024740
0 0.415527 0.470703 0.014648 0.016927
0 0.746582 0.453776 0.024414 0.040365
0 0.859375 0.501302 0.021484 0.031250
0 0.953613 0.451172 0.018555 0.029948
0 0.976562 0.445964 0.013672 0.022135
0 0.521973 0.457682 0.030273 0.045573
0 0.630859 0.496094 0.015625 0.023438
0 0.604004 0.468099 0.014648 0.019531
0 0.416016 0.470052 0.011719 0.015625
0 0.483398 0.464844 0.015625 0.023438
0 0.316406 0.455078 0.025391 0.029948
0 0.342285 0.475260 0.014648 0.023438
0 0.103516 0.473307 0.017578 0.019531
0 0.026855 0.479818 0.040039 0.055990
0 0.085449 0.464844 0.014648 0.018229
0 0.191895 0.477214 0.018555 0.019531
0 0.809082 0.466797 0.016602 0.032552