0 0.161621 0.567057 0.020508 0.035156
0 0.270020 0.531901 0.020508 0.040365
0 0.322266 0.531901 0.015625 0.022135
0 0.512207 0.596354 0.020508 0.033854
0 0.383789 0.565755 0.019531 0.027344
0 0.444824 0.567057 0.016602 0.027344
0 0.479492 0.547526 0.013672 0.024740
0 0.460449 0.520833 0.012695 0.018229
0 0.626465 0.567708 0.022461 0.026042
0 0.597656 0.504557 0.013672 0.022135
0 0.567383 0.467448 0.011719 0.018229
0 0.592773 0.453125 0.011719 0.015625
0 0.258301 0.493490 0.012695 0.013021
0 0.657227 0.509766 0.011719 0.019531
0 0.695312 0.531901 0.011719 0.019531
0 0.673340 0.468099 0.010742 0.014323
0 0.719238 0.516276 0.010742 0.016927
0 0.753906 0.458984 0.015625 0.027344
0 0.791016 0.602865 0.021484 0.031250
0 0.860352 0.432292 0.015625 0.028646
0 0.895996 0.447266 0.014648 0.029948
0 0.803711 0.555990 0.011719 0.018229