0 0.875488 0.773381 0.030273 0.058993
0 0.943848 0.474820 0.014648 0.023022
0 0.077637 0.778417 0.047852 0.086331
0 0.187988 0.476978 0.010742 0.018705
0 0.217285 0.456115 0.010742 0.020144
0 0.178223 0.436691 0.012695 0.018705
0 0.061035 0.471942 0.010742 0.017266
0 0.069824 0.440288 0.010742 0.017266
0 0.044434 0.435971 0.010742 0.014388
0 0.031738 0.466187 0.010742 0.017266
0 0.011230 0.438129 0.010742 0.018705
0 0.107422 0.418705 0.011719 0.020144
0 0.146484 0.420863 0.011719 0.018705
0 0.258301 0.435252 0.010742 0.018705