0 0.041504 0.313151 0.010742 0.019531
0 0.059570 0.315755 0.013672 0.022135
0 0.095703 0.311198 0.013672 0.020833
0 0.180664 0.410807 0.046875 0.079427
0 0.042969 0.397786 0.015625 0.027344
0 0.107910 0.427083 0.016602 0.023438
0 0.079590 0.482422 0.014648 0.022135
0 0.462402 0.305339 0.010742 0.019531
0 0.453125 0.418620 0.056641 0.082031
0 0.510254 0.306641 0.012695 0.022135
0 0.571289 0.303385 0.011719 0.026042
0 0.626465 0.272135 0.016602 0.031250
0 0.539062 0.384766 0.011719 0.022135
0 0.634277 0.432292 0.071289 0.109375
0 0.758789 0.458333 0.054688 0.080729
0 0.767578 0.288411 0.025391 0.042969
0 0.784180 0.293620 0.017578 0.027344
0 0.962402 0.457031 0.075195 0.140625
0 0.011230 0.317057 0.010742 0.019531