0 0.160156 0.258419 0.029297 0.045388
0 0.284668 0.336018 0.022461 0.042460
0 0.316406 0.362372 0.019531 0.039531
0 0.321777 0.314788 0.018555 0.038067
0 0.419922 0.137628 0.050781 0.081991
0 0.412109 0.365300 0.013672 0.024890
0 0.466309 0.395315 0.010742 0.014641
0 0.484863 0.405564 0.014648 0.026354
0 0.530273 0.349195 0.015625 0.019034
0 0.553711 0.361640 0.017578 0.032211
0 0.621094 0.352123 0.015625 0.030747
0 0.684082 0.320644 0.022461 0.043924
0 0.745605 0.387262 0.012695 0.019034
0 0.766602 0.352855 0.017578 0.020498
0 0.786133 0.343338 0.017578 0.027818
0 0.840332 0.281113 0.032227 0.040996
0 0.450195 0.633968 0.027344 0.052709
0 0.549805 0.634700 0.025391 0.048316
0 0.586426 0.673499 0.018555 0.040996
0 0.893555 0.357247 0.011719 0.023426
0 0.910645 0.359444 0.016602 0.027818
0 0.408691 0.711567 0.032227 0.064422
0 0.874023 0.807467 0.052734 0.115666
0 0.036621 0.432650 0.010742 0.016105
0 0.051270 0.438507 0.010742 0.016105
0 0.087402 0.431918 0.012695 0.014641
0 0.103027 0.427526 0.012695 0.017570
0 0.250000 0.428990 0.011719 0.023426