0 0.909180 0.659091 0.019531 0.045455
0 0.860840 0.564123 0.016602 0.040584
0 0.913574 0.488636 0.016602 0.035714
0 0.905762 0.419643 0.014648 0.034091
0 0.892090 0.343344 0.014648 0.037338
0 0.885742 0.276786 0.015625 0.030844
0 0.870605 0.209416 0.014648 0.032468
0 0.833496 0.269481 0.016602 0.035714
0 0.839355 0.338474 0.014648 0.030844
0 0.843750 0.416396 0.015625 0.030844
0 0.856934 0.490260 0.016602 0.029221
0 0.840820 0.650974 0.017578 0.038961
0 0.777832 0.646916 0.018555 0.037338
0 0.801758 0.573864 0.017578 0.037338
0 0.813477 0.493506 0.015625 0.035714
0 0.789551 0.401786 0.018555 0.037338
0 0.789551 0.330357 0.014648 0.030844
0 0.783691 0.216721 0.016602 0.030844
0 0.747070 0.264610 0.015625 0.032468
0 0.741211 0.323052 0.015625 0.035714
0 0.723633 0.407468 0.015625 0.035714
0 0.750977 0.496753 0.015625 0.035714
0 0.744629 0.566558 0.016602 0.035714
0 0.721191 0.637987 0.018555 0.035714
0 0.665527 0.639610 0.016602 0.035714
0 0.607910 0.636364 0.018555 0.042208
0 0.635254 0.590097 0.016602 0.034091
0 0.688477 0.575487 0.015625 0.040584
0 0.691406 0.495130 0.017578 0.035714
0 0.630859 0.488636 0.015625 0.035714
0 0.585938 0.409903 0.015625 0.037338
0 0.654297 0.372565 0.017578 0.037338
0 0.680176 0.305195 0.014648 0.035714
0 0.631348 0.288149 0.014648 0.030844
0 0.586914 0.278409 0.015625 0.037338
0 0.703613 0.266234 0.014648 0.032468
0 0.675293 0.202110 0.014648 0.027597
0 0.595215 0.187500 0.014648 0.030844
0 0.504883 0.465909 0.017578 0.025974
0 0.568848 0.484578 0.016602 0.037338
0 0.570801 0.568994 0.012695 0.030844
0 0.550781 0.638799 0.019531 0.037338
0 0.494629 0.659903 0.018555 0.040584
0 0.441406 0.649351 0.017578 0.038961
0 0.384766 0.628247 0.017578 0.045455
0 0.322266 0.629058 0.019531 0.040584
0 0.386230 0.558442 0.020508 0.032468
0 0.318359 0.555195 0.019531 0.038961
0 0.447266 0.556818 0.017578 0.042208
0 0.440918 0.487013 0.016602 0.035714
0 0.383789 0.464286 0.015625 0.032468
0 0.314941 0.462662 0.018555 0.032468
0 0.326660 0.382305 0.016602 0.037338
0 0.390137 0.390422 0.016602 0.030844
0 0.471680 0.424513 0.019531 0.034091
0 0.537109 0.413149 0.015625 0.034091
0 0.554688 0.352273 0.015625 0.035714
0 0.608887 0.353084 0.014648 0.034091
0 0.502441 0.349026 0.014648 0.032468
0 0.457031 0.350649 0.015625 0.032468
0 0.394531 0.322240 0.015625 0.024351
0 0.333984 0.313312 0.019531 0.032468
0 0.335449 0.249188 0.016602 0.034091
0 0.397461 0.260552 0.017578 0.030844
0 0.446289 0.271916 0.013672 0.034091
0 0.491211 0.265422 0.015625 0.034091
0 0.541992 0.280032 0.017578 0.037338
0 0.520508 0.186688 0.017578 0.029221
0 0.437012 0.190747 0.012695 0.024351
0 0.359375 0.200487 0.015625 0.030844
0 0.116211 0.634740 0.017578 0.045455
0 0.167480 0.590909 0.016602 0.032468
0 0.192871 0.629870 0.018555 0.035714
0 0.243652 0.584416 0.016602 0.038961
0 0.265137 0.626623 0.018555 0.038961
0 0.249512 0.480519 0.016602 0.032468
0 0.194336 0.498377 0.017578 0.035714
0 0.128906 0.477273 0.015625 0.035714
0 0.070312 0.497565 0.019531 0.037338
0 0.085938 0.397727 0.017578 0.035714
0 0.144043 0.399351 0.016602 0.032468
0 0.206055 0.417208 0.017578 0.035714
0 0.249512 0.404221 0.016602 0.035714
0 0.270996 0.319805 0.018555 0.038961
0 0.215332 0.340909 0.016602 0.035714
0 0.158691 0.322240 0.018555 0.037338
0 0.100098 0.310877 0.016602 0.037338
0 0.123047 0.258117 0.019531 0.035714
0 0.130371 0.195617 0.016602 0.037338
0 0.188965 0.186688 0.014648 0.035714
0 0.180176 0.252435 0.014648 0.027597
0 0.229004 0.275162 0.014648 0.034091
0 0.282715 0.245130 0.016602 0.038961
0 0.295898 0.196429 0.015625 0.025974
0 0.512695 0.566558 0.015625 0.032468