0 0.161133 0.734637 0.025391 0.039106
0 0.227539 0.736034 0.023438 0.039106
0 0.292480 0.731844 0.024414 0.039106
0 0.366699 0.740922 0.022461 0.048883
0 0.425781 0.731844 0.021484 0.041899
0 0.496094 0.733240 0.021484 0.041899
0 0.097168 0.594972 0.018555 0.027933
0 0.194824 0.597067 0.018555 0.029330
0 0.288086 0.600559 0.015625 0.025140
0 0.392578 0.587989 0.015625 0.027933
0 0.811035 0.721369 0.026367 0.046089
0 0.924805 0.722765 0.027344 0.040503
0 0.920898 0.578911 0.017578 0.026536
0 0.823242 0.564944 0.019531 0.034916
0 0.670898 0.588687 0.017578 0.026536
0 0.594727 0.592179 0.013672 0.027933
0 0.672852 0.532821 0.015625 0.026536
0 0.576660 0.504888 0.010742 0.020950
0 0.572754 0.480447 0.010742 0.016760
0 0.574219 0.437151 0.011719 0.019553
0 0.652344 0.498603 0.013672 0.025140
0 0.654297 0.464385 0.011719 0.023743
0 0.634277 0.444832 0.010742 0.018156
0 0.788574 0.532123 0.014648 0.025140
0 0.748535 0.499302 0.012695 0.018156
0 0.727051 0.470670 0.012695 0.019553
0 0.717285 0.437849 0.010742 0.018156
0 0.679688 0.400838 0.011719 0.019553
0 0.844238 0.502793 0.014648 0.022346
0 0.931641 0.495810 0.013672 0.022346
0 0.903809 0.469274 0.012695 0.019553
0 0.876465 0.431564 0.012695 0.022346
0 0.852051 0.414804 0.012695 0.019553
0 0.821777 0.402933 0.010742 0.018156
0 0.800293 0.442737 0.010742 0.019553
0 0.817383 0.455307 0.011719 0.019553
0 0.491699 0.596369 0.016602 0.030726
0 0.054199 0.552374 0.016602 0.026536
0 0.144531 0.551676 0.015625 0.025140
0 0.220215 0.541899 0.014648 0.025140
0 0.335449 0.506285 0.010742 0.018156
0 0.399902 0.546788 0.014648 0.023743
0 0.499023 0.543994 0.015625 0.023743
0 0.502441 0.503492 0.014648 0.023743
0 0.415039 0.510475 0.011719 0.020950
0 0.245117 0.508380 0.013672 0.022346
0 0.177734 0.512570 0.013672 0.025140
0 0.093262 0.513268 0.016602 0.023743
0 0.138672 0.472765 0.013672 0.023743
0 0.207031 0.484637 0.013672 0.019553
0 0.277832 0.482542 0.012695 0.020950
0 0.357910 0.481844 0.010742 0.019553
0 0.431152 0.479749 0.010742 0.020950
0 0.500977 0.475559 0.011719 0.020950
0 0.504883 0.442039 0.011719 0.020950
0 0.437012 0.442737 0.010742 0.019553
0 0.364258 0.446927 0.011719 0.019553
0 0.299316 0.457402 0.010742 0.018156
0 0.232910 0.456006 0.010742 0.020950
0 0.218262 0.408520 0.010742 0.018156
0 0.560547 0.744413 0.021484 0.033520
0 0.633301 0.727654 0.022461 0.036313
0 0.735352 0.736732 0.023438 0.043296