0 0.132812 0.419970 0.011719 0.025915
0 0.158203 0.416921 0.013672 0.028963
0 0.186035 0.413110 0.016602 0.027439
0 0.214355 0.439024 0.014648 0.036585
0 0.239746 0.453506 0.020508 0.035061
0 0.272949 0.420732 0.014648 0.027439
0 0.302734 0.423018 0.019531 0.035061
0 0.345703 0.407774 0.019531 0.032012
0 0.378906 0.435976 0.015625 0.027439
0 0.391602 0.449695 0.019531 0.030488
0 0.462891 0.436738 0.017578 0.032012
0 0.527344 0.461890 0.015625 0.027439
0 0.610840 0.467226 0.016602 0.032012
0 0.689941 0.477134 0.018555 0.030488
0 0.743652 0.447409 0.018555 0.028963
0 0.787598 0.480945 0.018555 0.035061
0 0.805664 0.474085 0.017578 0.027439
0 0.873535 0.501524 0.018555 0.033537
0 0.908691 0.455030 0.018555 0.038110
0 0.957031 0.471037 0.019531 0.033537
0 0.989746 0.496189 0.018555 0.050305