0 0.095215 0.411458 0.034180 0.059896
0 0.142578 0.427734 0.019531 0.027344
0 0.226074 0.445312 0.016602 0.031250
0 0.393555 0.644531 0.042969 0.065104
0 0.395996 0.522786 0.028320 0.045573
0 0.513672 0.576172 0.031250 0.045573
0 0.615723 0.434245 0.026367 0.045573
0 0.422363 0.414714 0.012695 0.022135
0 0.465332 0.415365 0.014648 0.023438
0 0.311523 0.423177 0.017578 0.026042
0 0.357422 0.444010 0.011719 0.018229
0 0.442383 0.516927 0.011719 0.018229
0 0.667969 0.402344 0.013672 0.020833
0 0.726562 0.420573 0.019531 0.031250
0 0.783691 0.514323 0.030273 0.052083
0 0.829102 0.520833 0.021484 0.031250
0 0.705078 0.666016 0.037109 0.061198
0 0.871094 0.399740 0.021484 0.031250
0 0.714355 0.397786 0.010742 0.014323
0 0.951660 0.472656 0.014648 0.020833
0 0.973145 0.393880 0.010742 0.019531
0 0.778809 0.412109 0.010742 0.014323
0 0.666992 0.595052 0.015625 0.020833
0 0.236328 0.430990 0.011719 0.020833
0 0.427246 0.285156 0.022461 0.031250