0 0.829102 0.900645 0.015625 0.023226
0 0.749023 0.959355 0.019531 0.027097
0 0.703125 0.967742 0.013672 0.025806
0 0.919434 0.934194 0.014648 0.028387
0 0.889648 0.985161 0.015625 0.029677
0 0.860840 0.934194 0.016602 0.033548
0 0.903320 0.921935 0.015625 0.029677
0 0.782715 0.950968 0.014648 0.028387
0 0.780273 0.885161 0.013672 0.025806
0 0.825195 0.937419 0.013672 0.027097
0 0.952148 0.906452 0.015625 0.027097
0 0.741699 0.902581 0.010742 0.021935
0 0.978516 0.968387 0.015625 0.027097
0 0.990234 0.907742 0.013672 0.024516
0 0.850098 0.861935 0.012695 0.025806
0 0.939941 0.941290 0.012695 0.019355
0 0.933105 0.970323 0.014648 0.028387
0 0.723633 0.946452 0.017578 0.029677