0 0.089844 0.366373 0.023438 0.048458
0 0.224121 0.301028 0.020508 0.052863
0 0.248535 0.249633 0.038086 0.079295
0 0.065918 0.374449 0.016602 0.038179
0 0.354492 0.533774 0.017578 0.036711
0 0.412109 0.344347 0.025391 0.033774
0 0.446289 0.389134 0.013672 0.029369
0 0.471191 0.393539 0.012695 0.035242
0 0.479004 0.379589 0.012695 0.027900
0 0.506348 0.359031 0.012695 0.027900
0 0.535156 0.369310 0.021484 0.033774
0 0.041016 0.323054 0.019531 0.038179
0 0.577637 0.337739 0.032227 0.061674
0 0.707031 0.317181 0.025391 0.055800
0 0.876953 0.275330 0.039062 0.069016
0 0.991699 0.344347 0.016602 0.051395
0 0.616211 0.516887 0.015625 0.029369