0 0.249023 0.625183 0.025391 0.052709
0 0.299805 0.631772 0.011719 0.021962
0 0.154297 0.724012 0.011719 0.024890
0 0.105957 0.657394 0.012695 0.023426
0 0.121094 0.747438 0.015625 0.027818
0 0.063965 0.736457 0.014648 0.029283
0 0.032715 0.731332 0.014648 0.027818
0 0.325195 0.749634 0.013672 0.023426
0 0.324219 0.721816 0.011719 0.023426
0 0.357910 0.722548 0.012695 0.030747
0 0.389648 0.755490 0.013672 0.026354
0 0.375000 0.737189 0.011719 0.024890
0 0.427246 0.748170 0.012695 0.023426
0 0.472656 0.593704 0.033203 0.080527
0 0.583008 0.633236 0.027344 0.065886
0 0.780273 0.600293 0.039062 0.079063
0 0.795410 0.536603 0.010742 0.021962
0 0.738770 0.562958 0.010742 0.021962
0 0.691895 0.532211 0.010742 0.024890
0 0.979980 0.559297 0.014648 0.026354
0 0.961914 0.556369 0.011719 0.026354
0 0.866211 0.606149 0.029297 0.064422
0 0.921387 0.210102 0.010742 0.019034
0 0.742676 0.136896 0.010742 0.021962