0 0.983887 0.687500 0.012695 0.022727
0 0.875488 0.703835 0.012695 0.021307
0 0.839355 0.676136 0.014648 0.022727
0 0.769043 0.697443 0.012695 0.025568
0 0.794922 0.684659 0.015625 0.025568
0 0.714844 0.690341 0.017578 0.025568
0 0.652832 0.762784 0.012695 0.022727
0 0.588379 0.678267 0.012695 0.026989
0 0.630371 0.686080 0.012695 0.019886
0 0.509766 0.693182 0.015625 0.022727
0 0.508789 0.743608 0.011719 0.018466
0 0.462402 0.685369 0.012695 0.021307
0 0.426270 0.713068 0.010742 0.022727
0 0.437012 0.695312 0.010742 0.018466
0 0.189453 0.732244 0.013672 0.024148
0 0.197754 0.781960 0.012695 0.021307
0 0.124023 0.740057 0.013672 0.022727
0 0.131348 0.712358 0.014648 0.024148
0 0.108398 0.695312 0.011719 0.024148
0 0.006348 0.735085 0.010742 0.021307
0 0.009277 0.686080 0.014648 0.022727
0 0.010254 0.640625 0.010742 0.022727
0 0.101074 0.662642 0.012695 0.021307
0 0.044434 0.673295 0.010742 0.017045
0 0.222656 0.693182 0.011719 0.019886
0 0.055664 0.730824 0.011719 0.021307
0 0.031250 0.726562 0.011719 0.024148
0 0.041992 0.716619 0.011719 0.024148
0 0.150391 0.699574 0.011719 0.021307