0 0.122559 0.525660 0.012695 0.021994
0 0.160645 0.516129 0.012695 0.020528
0 0.180176 0.535924 0.010742 0.019062
0 0.219727 0.522727 0.011719 0.019062
0 0.244629 0.541789 0.012695 0.019062
0 0.261230 0.534457 0.010742 0.016129
0 0.360352 0.508798 0.013672 0.020528
0 0.379883 0.520528 0.011719 0.017595
0 0.489746 0.520528 0.016602 0.023460
0 0.618164 0.520528 0.011719 0.017595
0 0.630859 0.535924 0.013672 0.019062
0 0.766602 0.537390 0.011719 0.016129
0 0.854004 0.538856 0.010742 0.021994
0 0.875977 0.519795 0.013672 0.019062