0 0.074219 0.084259 0.011719 0.024074
0 0.017090 0.200926 0.018555 0.050000
0 0.010742 0.239815 0.013672 0.046296
0 0.114746 0.258333 0.020508 0.042593
0 0.086914 0.173148 0.017578 0.046296
0 0.076172 0.142593 0.015625 0.037037
0 0.147949 0.170370 0.018555 0.048148
0 0.182129 0.185185 0.022461 0.048148
0 0.221191 0.109259 0.010742 0.022222
0 0.297852 0.156481 0.015625 0.046296
0 0.264160 0.202778 0.014648 0.027778
0 0.223145 0.267593 0.026367 0.053704
0 0.178223 0.318519 0.032227 0.066667
0 0.303711 0.291667 0.033203 0.072222
0 0.360840 0.250000 0.028320 0.059259
0 0.287109 0.140741 0.017578 0.044444
0 0.375977 0.102778 0.013672 0.042593
0 0.428711 0.043519 0.011719 0.027778
0 0.452637 0.076852 0.012695 0.035185
0 0.447266 0.125000 0.015625 0.046296
0 0.477539 0.172222 0.019531 0.051852
0 0.478516 0.251852 0.023438 0.062963
0 0.499023 0.289815 0.035156 0.079630
0 0.584473 0.100000 0.016602 0.037037
0 0.540527 0.101852 0.012695 0.029630
0 0.507812 0.090741 0.011719 0.029630
0 0.618652 0.108333 0.016602 0.035185
0 0.601074 0.149074 0.024414 0.050000
0 0.606934 0.223148 0.030273 0.053704
0 0.659668 0.244444 0.030273 0.070370
0 0.708008 0.082407 0.013672 0.035185
0 0.726562 0.048148 0.013672 0.033333
0 0.738281 0.103704 0.021484 0.051852
0 0.916992 0.139815 0.023438 0.046296
0 0.873047 0.227778 0.029297 0.062963
0 0.780273 0.204630 0.031250 0.057407
0 0.769531 0.312963 0.037109 0.085185
0 0.979004 0.240741 0.026367 0.055556
0 0.826172 0.196296 0.025391 0.048148
0 0.672363 0.064815 0.010742 0.033333
0 0.636719 0.058333 0.011719 0.024074
0 0.020508 0.334259 0.027344 0.064815
0 0.422852 0.125000 0.011719 0.035185
0 0.091309 0.367593 0.018555 0.046296
0 0.339355 0.138889 0.014648 0.025926
0 0.328125 0.134259 0.011719 0.027778
0 0.714355 0.014815 0.010742 0.022222
0 0.564941 0.069444 0.014648 0.031481
0 0.515137 0.094444 0.012695 0.033333
0 0.990723 0.098148 0.018555 0.044444