0 0.008301 0.475434 0.016602 0.052023
0 0.095215 0.473988 0.026367 0.046243
0 0.190430 0.507225 0.019531 0.034682
0 0.285156 0.463873 0.029297 0.054913
0 0.321289 0.477601 0.019531 0.036127
0 0.352051 0.478324 0.018555 0.031792
0 0.470215 0.478324 0.024414 0.043353
0 0.532715 0.459538 0.034180 0.052023
0 0.575684 0.479769 0.016602 0.026012
0 0.605469 0.482659 0.023438 0.037572
0 0.639160 0.466763 0.012695 0.023121
0 0.696777 0.497832 0.018555 0.027457
0 0.725586 0.477601 0.023438 0.044798
0 0.708496 0.461705 0.014648 0.021676
0 0.749512 0.461705 0.014648 0.021676
0 0.779297 0.454480 0.019531 0.033237
0 0.852539 0.444364 0.021484 0.039017
0 0.825195 0.461705 0.015625 0.027457
0 0.875977 0.462428 0.013672 0.028902
0 0.890137 0.468208 0.012695 0.020231
0 0.940918 0.429191 0.022461 0.037572