0 0.855469 0.442899 0.011719 0.021962
0 0.832031 0.427526 0.011719 0.026354
0 0.795898 0.439971 0.013672 0.030747
0 0.932617 0.423133 0.013672 0.026354
0 0.912109 0.447291 0.011719 0.021962
0 0.664551 0.457540 0.030273 0.057101
0 0.687500 0.459004 0.017578 0.039531
0 0.623535 0.437775 0.010742 0.026354
0 0.582520 0.412152 0.020508 0.039531
0 0.553223 0.471449 0.028320 0.049780
0 0.491699 0.424597 0.034180 0.067350
0 0.454102 0.412152 0.025391 0.039531
0 0.370117 0.431186 0.029297 0.051245
0 0.299316 0.426794 0.024414 0.045388
0 0.184082 0.426794 0.014648 0.027818
0 0.126953 0.407028 0.017578 0.032211
0 0.019043 0.394583 0.012695 0.036603
0 0.102539 0.392387 0.011719 0.032211
0 0.039551 0.393119 0.012695 0.021962
0 0.612305 0.305271 0.013672 0.024890
0 0.820312 0.472182 0.029297 0.048316