0 0.395508 0.324600 0.058594 0.107715
0 0.482910 0.289665 0.055664 0.113537
0 0.571289 0.334061 0.064453 0.106259
0 0.750977 0.436681 0.021484 0.034934
0 0.978516 0.439592 0.015625 0.017467
0 0.036133 0.377729 0.013672 0.024745
0 0.048340 0.365357 0.012695 0.017467
0 0.078125 0.376274 0.013672 0.018923
0 0.077637 0.398108 0.010742 0.021834
0 0.156738 0.390830 0.012695 0.021834
0 0.156738 0.377001 0.010742 0.014556
0 0.181152 0.399563 0.010742 0.018923
0 0.007324 0.362445 0.010742 0.020378
0 0.005371 0.414847 0.010742 0.023290