0 0.443848 0.641975 0.012695 0.021605
0 0.331543 0.655864 0.010742 0.021605
0 0.298828 0.646605 0.013672 0.024691
0 0.269043 0.628858 0.012695 0.023148
0 0.245117 0.617284 0.011719 0.021605
0 0.215332 0.604938 0.012695 0.021605
0 0.193359 0.596451 0.011719 0.020062
0 0.168945 0.589506 0.011719 0.021605
0 0.145020 0.574074 0.010742 0.021605
0 0.103027 0.557099 0.010742 0.018519
0 0.071777 0.540123 0.010742 0.018519
0 0.326172 0.621914 0.011719 0.021605
0 0.292480 0.606481 0.012695 0.024691
0 0.260254 0.597222 0.010742 0.018519
0 0.238770 0.591821 0.010742 0.020062
0 0.313965 0.593364 0.010742 0.020062
0 0.894531 0.687500 0.015625 0.029321
0 0.908203 0.629630 0.013672 0.024691
0 0.841797 0.585648 0.011719 0.020062
0 0.897949 0.580247 0.010742 0.021605
0 0.799316 0.598765 0.010742 0.021605
0 0.753418 0.601852 0.012695 0.021605
0 0.707520 0.608796 0.010742 0.023148
0 0.812988 0.562500 0.010742 0.016975
0 0.776855 0.551698 0.010742 0.020062
0 0.652832 0.609568 0.012695 0.024691
0 0.675781 0.581019 0.011719 0.020062
0 0.611328 0.599537 0.011719 0.023148
0 0.523438 0.682099 0.013672 0.027778
0 0.495117 0.634259 0.011719 0.024691
0 0.511719 0.618056 0.011719 0.023148
0 0.527344 0.600309 0.011719 0.021605
0 0.549805 0.621914 0.011719 0.021605
0 0.563477 0.611111 0.011719 0.021605
0 0.458008 0.618827 0.011719 0.021605
0 0.475586 0.605710 0.011719 0.020062
0 0.491699 0.589506 0.010742 0.018519
0 0.598145 0.619599 0.012695 0.023148
0 0.352051 0.634259 0.012695 0.024691
0 0.387207 0.648148 0.012695 0.024691
0 0.408691 0.627315 0.012695 0.023148
0 0.425781 0.612654 0.011719 0.021605
0 0.395508 0.599537 0.011719 0.020062
0 0.410645 0.584877 0.010742 0.018519
0 0.285156 0.586420 0.011719 0.015432
0 0.611816 0.548611 0.010742 0.016975
0 0.537598 0.580247 0.010742 0.021605
0 0.549316 0.567130 0.010742 0.020062
0 0.578613 0.537037 0.010742 0.015432
0 0.375488 0.615741 0.012695 0.018519
0 0.361816 0.589506 0.010742 0.021605
0 0.477051 0.525463 0.010742 0.016975
0 0.335449 0.581019 0.010742 0.016975
0 0.354980 0.562500 0.010742 0.016975
0 0.112793 0.532407 0.010742 0.018519
0 0.214355 0.557099 0.010742 0.015432