0 0.994629 0.193314 0.010742 0.098837
0 0.927734 0.263808 0.013672 0.047965
0 0.908203 0.237645 0.015625 0.021802
0 0.832520 0.198401 0.049805 0.106105
0 0.725098 0.270349 0.043945 0.084302
0 0.785645 0.236919 0.012695 0.034884
0 0.532227 0.485465 0.054688 0.090116
0 0.561035 0.233285 0.040039 0.077035
0 0.490234 0.258721 0.039062 0.072674
0 0.435059 0.256541 0.024414 0.045058
0 0.408691 0.284884 0.040039 0.084302
0 0.431641 0.442587 0.052734 0.100291
0 0.345215 0.240552 0.041992 0.077035
0 0.203125 0.202762 0.046875 0.091570
0 0.043945 0.329942 0.031250 0.055233
0 0.009766 0.297238 0.019531 0.053779
0 0.040039 0.285610 0.015625 0.024709