0 0.187988 0.177966 0.010742 0.033898
0 0.218262 0.188559 0.010742 0.029661
0 0.251465 0.186441 0.010742 0.029661
0 0.283203 0.181144 0.011719 0.031780
0 0.245117 0.250000 0.011719 0.033898
0 0.211914 0.251059 0.011719 0.031780
0 0.179688 0.248941 0.011719 0.036017
0 0.145996 0.247881 0.010742 0.029661
0 0.306152 0.312500 0.010742 0.031780
0 0.274902 0.315678 0.010742 0.029661
0 0.238770 0.310381 0.010742 0.031780
0 0.138184 0.314619 0.010742 0.031780
0 0.133789 0.375000 0.011719 0.033898
0 0.201660 0.380297 0.010742 0.036017
0 0.270020 0.383475 0.010742 0.033898
0 0.305176 0.379237 0.010742 0.033898
0 0.318359 0.184322 0.011719 0.033898
0 0.357422 0.177966 0.011719 0.033898
0 0.393555 0.182203 0.011719 0.033898
0 0.429199 0.180085 0.010742 0.033898
0 0.425293 0.245763 0.010742 0.033898
0 0.389160 0.246822 0.010742 0.031780
0 0.314941 0.246822 0.010742 0.031780
0 0.345215 0.309322 0.010742 0.033898
0 0.384277 0.306144 0.012695 0.031780
0 0.419434 0.307203 0.010742 0.033898
0 0.454590 0.308263 0.010742 0.031780
0 0.454590 0.378178 0.010742 0.031780
0 0.418945 0.376059 0.011719 0.031780
0 0.377930 0.376059 0.011719 0.036017
0 0.340332 0.372881 0.010742 0.033898
0 0.466797 0.177966 0.011719 0.033898
0 0.577637 0.173729 0.010742 0.033898
0 0.616211 0.167373 0.011719 0.033898
0 0.611328 0.237288 0.011719 0.038136
0 0.575684 0.242585 0.010742 0.031780
0 0.462402 0.240466 0.010742 0.031780
0 0.533203 0.302966 0.011719 0.033898
0 0.571777 0.302966 0.010742 0.033898
0 0.609863 0.292373 0.010742 0.038136
0 0.604004 0.368644 0.010742 0.033898
0 0.568848 0.369703 0.010742 0.036017
0 0.531250 0.372881 0.011719 0.033898
0 0.490723 0.375000 0.010742 0.038136
0 0.652344 0.168432 0.011719 0.031780
0 0.688965 0.163136 0.010742 0.033898
0 0.729492 0.161017 0.011719 0.033898
0 0.770508 0.156780 0.011719 0.033898
0 0.809082 0.155720 0.012695 0.036017
0 0.847656 0.147246 0.011719 0.036017
0 0.845215 0.218220 0.012695 0.038136
0 0.806152 0.223517 0.010742 0.031780
0 0.768555 0.226695 0.011719 0.033898
0 0.730469 0.229873 0.011719 0.031780
0 0.688477 0.230932 0.011719 0.033898
0 0.649414 0.231992 0.011719 0.031780
0 0.805176 0.294492 0.010742 0.033898
0 0.768066 0.290254 0.012695 0.033898
0 0.729980 0.296610 0.010742 0.033898
0 0.684082 0.299788 0.012695 0.036017
0 0.646484 0.301907 0.011719 0.036017
0 0.642578 0.367585 0.011719 0.031780
0 0.726562 0.367585 0.011719 0.036017
0 0.767090 0.367585 0.012695 0.036017
0 0.805176 0.361229 0.010742 0.031780
0 0.806152 0.437500 0.010742 0.036017
0 0.764648 0.438559 0.011719 0.033898
0 0.722656 0.441737 0.011719 0.036017
0 0.683594 0.440678 0.011719 0.033898
0 0.640137 0.440678 0.012695 0.033898
0 0.883789 0.135593 0.011719 0.029661
0 0.884766 0.218220 0.011719 0.029661
0 0.889160 0.288136 0.012695 0.033898
0 0.845703 0.299788 0.011719 0.031780
0 0.844727 0.361229 0.011719 0.031780
0 0.894043 0.362288 0.010742 0.033898
0 0.846191 0.439619 0.012695 0.031780
0 0.891602 0.432203 0.011719 0.033898
0 0.955078 0.567797 0.013672 0.038136
0 0.939941 0.537076 0.012695 0.036017
0 0.926270 0.582627 0.012695 0.033898
0 0.889648 0.508475 0.011719 0.033898
0 0.895508 0.591102 0.011719 0.033898
0 0.871094 0.608051 0.011719 0.038136
0 0.850586 0.585805 0.011719 0.036017
0 0.856934 0.666314 0.012695 0.031780
0 0.829102 0.614407 0.013672 0.038136
0 0.806152 0.674788 0.014648 0.036017
0 0.805176 0.593220 0.012695 0.033898
0 0.847656 0.508475 0.011719 0.033898
0 0.807129 0.509534 0.012695 0.036017
0 0.884277 0.770127 0.012695 0.031780
0 0.799316 0.772246 0.012695 0.031780
0 0.781250 0.718220 0.013672 0.033898
0 0.745605 0.661017 0.012695 0.033898
0 0.706055 0.760593 0.013672 0.038136
0 0.695312 0.667373 0.013672 0.038136
0 0.761230 0.591102 0.012695 0.038136
0 0.763672 0.509534 0.013672 0.040254
0 0.718262 0.600636 0.012695 0.036017
0 0.678711 0.595339 0.011719 0.033898
0 0.722168 0.516949 0.012695 0.033898
0 0.678711 0.515890 0.013672 0.031780
0 0.060059 0.569915 0.012695 0.033898
0 0.076660 0.590042 0.010742 0.031780
0 0.112793 0.606992 0.012695 0.031780
0 0.139648 0.597458 0.011719 0.029661
0 0.113281 0.515890 0.011719 0.031780
0 0.147949 0.523305 0.010742 0.029661
0 0.182129 0.514831 0.010742 0.029661
0 0.256348 0.520127 0.010742 0.031780
0 0.206543 0.592161 0.010742 0.031780
0 0.171387 0.594280 0.010742 0.031780
0 0.229492 0.666314 0.011719 0.031780
0 0.175293 0.667373 0.012695 0.029661
0 0.186035 0.727754 0.012695 0.036017
0 0.145508 0.699153 0.013672 0.033898
0 0.127930 0.662076 0.011719 0.031780
0 0.082031 0.651483 0.013672 0.036017
0 0.101562 0.745763 0.013672 0.033898
0 0.049316 0.736229 0.014648 0.036017
0 0.258301 0.658898 0.012695 0.029661
0 0.284668 0.700212 0.012695 0.027542
0 0.313965 0.762712 0.012695 0.033898
0 0.375488 0.716102 0.014648 0.033898
0 0.341797 0.672669 0.011719 0.036017
0 0.327148 0.667373 0.013672 0.033898
0 0.444824 0.711864 0.010742 0.033898
0 0.411133 0.670551 0.011719 0.031780
0 0.441895 0.601695 0.010742 0.033898
0 0.364258 0.586864 0.011719 0.029661
0 0.325684 0.597458 0.010742 0.029661
0 0.285645 0.597458 0.010742 0.033898
0 0.625000 0.706568 0.011719 0.031780
0 0.659668 0.671610 0.012695 0.029661
0 0.579590 0.769068 0.012695 0.029661
0 0.563965 0.679025 0.012695 0.031780
0 0.590820 0.672669 0.011719 0.031780
0 0.637695 0.598517 0.011719 0.031780
0 0.596191 0.591102 0.010742 0.029661
0 0.481934 0.605932 0.010742 0.025424
0 0.516602 0.720339 0.011719 0.033898
0 0.500000 0.689619 0.011719 0.031780
0 0.472656 0.719280 0.011719 0.031780
0 0.463867 0.667373 0.011719 0.033898
0 0.162109 0.444915 0.011719 0.029661
0 0.264160 0.447034 0.010742 0.029661
0 0.337402 0.444915 0.010742 0.029661
0 0.635742 0.516949 0.011719 0.029661
0 0.598145 0.507415 0.010742 0.031780
0 0.599609 0.440678 0.011719 0.033898
0 0.562500 0.442797 0.011719 0.029661
0 0.559082 0.512712 0.010742 0.033898
0 0.519043 0.520127 0.010742 0.031780
0 0.524902 0.441737 0.010742 0.031780
0 0.486328 0.448093 0.011719 0.036017
0 0.481934 0.514831 0.010742 0.033898
0 0.445801 0.510593 0.010742 0.029661
0 0.450684 0.441737 0.010742 0.031780
0 0.414062 0.447034 0.011719 0.038136
0 0.409180 0.516949 0.011719 0.033898