0 0.067871 0.363475 0.028320 0.060284
0 0.131836 0.324468 0.027344 0.063830
0 0.198242 0.343085 0.025391 0.054965
0 0.323242 0.377660 0.029297 0.056738
0 0.307617 0.249113 0.021484 0.054965
0 0.165527 0.190603 0.012695 0.033688
0 0.047363 0.227837 0.022461 0.044326
0 0.442871 0.379433 0.028320 0.063830
0 0.560547 0.364362 0.029297 0.065603
0 0.360840 0.319149 0.028320 0.056738
0 0.431641 0.301418 0.023438 0.056738
0 0.660645 0.315603 0.026367 0.056738
0 0.621582 0.284574 0.028320 0.062057
0 0.831543 0.318262 0.024414 0.062057
0 0.880371 0.304078 0.030273 0.072695
0 0.917480 0.298759 0.024414 0.065603
0 0.941895 0.295213 0.022461 0.062057
0 0.970215 0.289007 0.020508 0.056738
0 0.992676 0.298759 0.014648 0.054965
0 0.241699 0.151596 0.012695 0.030142
0 0.365723 0.172872 0.014648 0.033688
0 0.378418 0.213652 0.012695 0.026596
0 0.178223 0.314716 0.012695 0.026596
0 0.418945 0.143617 0.013672 0.035461
0 0.477051 0.263298 0.018555 0.051418
0 0.503418 0.285461 0.018555 0.042553
0 0.580566 0.131206 0.014648 0.024823
0 0.713379 0.150709 0.010742 0.021277
0 0.826660 0.246454 0.014648 0.039007
0 0.860840 0.093972 0.010742 0.024823
0 0.403809 0.343085 0.022461 0.051418