0 0.078125 0.372635 0.019531 0.032023
0 0.036621 0.339156 0.018555 0.026201
0 0.531250 0.622999 0.031250 0.055313
0 0.375488 0.527656 0.028320 0.048035
0 0.279297 0.459243 0.029297 0.042213
0 0.917480 0.559680 0.030273 0.056769
0 0.937500 0.430131 0.027344 0.039301
0 0.812988 0.402475 0.024414 0.036390
0 0.692871 0.354440 0.020508 0.036390
0 0.602539 0.337700 0.017578 0.026201
0 0.521484 0.329694 0.019531 0.027656
0 0.451172 0.297671 0.019531 0.030568
0 0.375977 0.276565 0.015625 0.023290
0 0.311035 0.260553 0.012695 0.020378
0 0.242188 0.234352 0.011719 0.020378
0 0.202148 0.221980 0.011719 0.021834
0 0.156738 0.240902 0.010742 0.016012
0 0.287598 0.216885 0.010742 0.017467
0 0.370117 0.219068 0.011719 0.018923
0 0.682129 0.214702 0.010742 0.018923
0 0.590820 0.215429 0.011719 0.014556
0 0.540039 0.233624 0.011719 0.018923
0 0.446777 0.220524 0.010742 0.016012
0 0.993164 0.203785 0.011719 0.020378
0 0.856445 0.199418 0.011719 0.017467
0 0.735352 0.216885 0.011719 0.017467