0 0.743652 0.407625 0.028320 0.046921
0 0.606934 0.365836 0.034180 0.057185
0 0.641113 0.412023 0.026367 0.052786
0 0.358398 0.379032 0.029297 0.051320
0 0.289551 0.391496 0.030273 0.055718
0 0.312012 0.381965 0.022461 0.051320
0 0.197754 0.373900 0.028320 0.046921
0 0.457520 0.360704 0.022461 0.043988
0 0.477539 0.361437 0.027344 0.045455
0 0.574219 0.375367 0.029297 0.049853
0 0.560547 0.373900 0.021484 0.038123
0 0.716309 0.374633 0.026367 0.045455
0 0.036621 0.257331 0.010742 0.019062
0 0.161133 0.225073 0.011719 0.019062
0 0.208008 0.219208 0.011719 0.021994
0 0.112305 0.239003 0.011719 0.023460
0 0.088379 0.219941 0.012695 0.023460
0 0.015137 0.193548 0.010742 0.023460
0 0.016602 0.161290 0.011719 0.020528
0 0.201660 0.191349 0.012695 0.021994
0 0.399902 0.346041 0.030273 0.052786
0 0.112793 0.160557 0.010742 0.019062
0 0.951660 0.350440 0.010742 0.017595
0 0.744629 0.046188 0.010742 0.016129
0 0.864746 0.025660 0.010742 0.016129
0 0.833496 0.013930 0.010742 0.019062
0 0.170410 0.315249 0.010742 0.017595
0 0.008789 0.255865 0.011719 0.019062
0 0.068359 0.199413 0.011719 0.017595
0 0.900879 0.324047 0.010742 0.014663
0 0.044434 0.064516 0.010742 0.017595