0 0.096191 0.383985 0.036133 0.054224
0 0.059082 0.593947 0.010742 0.022699
0 0.050781 0.561791 0.011719 0.023960
0 0.022461 0.568096 0.011719 0.021438
0 0.181152 0.300757 0.040039 0.059269
0 0.277832 0.355612 0.034180 0.047919
0 0.357422 0.399748 0.029297 0.045397
0 0.419434 0.414250 0.026367 0.039092
0 0.454590 0.324086 0.038086 0.050441
0 0.518555 0.371375 0.031250 0.044136
0 0.584473 0.395334 0.028320 0.039092
0 0.619629 0.404792 0.028320 0.035309
0 0.687012 0.274905 0.038086 0.052963
0 0.773438 0.364439 0.017578 0.032787
0 0.799805 0.380832 0.021484 0.027743
0 0.835449 0.397226 0.020508 0.032787
0 0.855469 0.414250 0.015625 0.023960
0 0.890625 0.436948 0.015625 0.023960
0 0.911133 0.455864 0.015625 0.021438
0 0.960938 0.500631 0.013672 0.020177
0 0.985840 0.482976 0.014648 0.020177