0 0.076660 0.565755 0.016602 0.024740
0 0.136230 0.621094 0.020508 0.036458
0 0.221191 0.602865 0.014648 0.026042
0 0.284668 0.584635 0.016602 0.023438
0 0.365723 0.561849 0.022461 0.040365
0 0.413086 0.569010 0.019531 0.031250
0 0.459961 0.561849 0.025391 0.037760
0 0.546387 0.573568 0.020508 0.032552
0 0.629395 0.562500 0.016602 0.031250
0 0.782715 0.604167 0.020508 0.031250
0 0.849121 0.588542 0.016602 0.028646
0 0.693848 0.577474 0.022461 0.032552
0 0.905762 0.647135 0.024414 0.041667
0 0.974121 0.584635 0.016602 0.026042