0 0.289551 0.412760 0.030273 0.046875
0 0.195801 0.385417 0.020508 0.039062
0 0.249512 0.380208 0.028320 0.054688
0 0.303711 0.295573 0.019531 0.041667
0 0.445801 0.389974 0.034180 0.037760
0 0.598633 0.391927 0.027344 0.046875
0 0.604492 0.320964 0.017578 0.037760
0 0.645508 0.333984 0.017578 0.035156
0 0.680664 0.330729 0.015625 0.031250
0 0.635254 0.368490 0.020508 0.036458
0 0.738770 0.380859 0.030273 0.050781
0 0.710449 0.565104 0.026367 0.052083
0 0.819824 0.498698 0.026367 0.039062
0 0.801270 0.399740 0.030273 0.046875
0 0.955078 0.506510 0.025391 0.046875
0 0.362793 0.406901 0.038086 0.063802