0 0.036621 0.646098 0.010742 0.029038
0 0.064941 0.635209 0.010742 0.025408
0 0.091797 0.652450 0.011719 0.027223
0 0.126465 0.643376 0.010742 0.027223
0 0.137207 0.661525 0.010742 0.027223
0 0.161621 0.649728 0.010742 0.029038
0 0.136230 0.709619 0.010742 0.029038
0 0.101074 0.712341 0.010742 0.027223
0 0.058594 0.770417 0.011719 0.030853
0 0.350586 0.721416 0.011719 0.027223
0 0.315430 0.717786 0.011719 0.027223
0 0.281250 0.718693 0.011719 0.025408
0 0.244141 0.715064 0.011719 0.029038
0 0.209473 0.715971 0.010742 0.027223
0 0.171875 0.711434 0.011719 0.029038
0 0.170410 0.666062 0.012695 0.029038
0 0.207031 0.654265 0.011719 0.027223
0 0.240234 0.650635 0.011719 0.030853
0 0.277344 0.651543 0.011719 0.032668
0 0.313965 0.655172 0.012695 0.032668
0 0.352539 0.651543 0.011719 0.029038
0 0.571777 0.726860 0.010742 0.023593
0 0.535645 0.721416 0.010742 0.027223
0 0.498535 0.723230 0.012695 0.030853
0 0.462402 0.728675 0.012695 0.027223
0 0.423828 0.720508 0.011719 0.029038
0 0.387695 0.722323 0.011719 0.029038
0 0.394531 0.650635 0.011719 0.030853
0 0.432617 0.652450 0.011719 0.030853
0 0.473145 0.656080 0.010742 0.030853
0 0.514648 0.656987 0.011719 0.029038
0 0.555664 0.656987 0.011719 0.029038
0 0.557617 0.578947 0.011719 0.029038
0 0.520508 0.582577 0.011719 0.029038
0 0.480957 0.577132 0.010742 0.029038
0 0.439453 0.578947 0.011719 0.029038
0 0.399902 0.583485 0.012695 0.030853
0 0.358887 0.578947 0.012695 0.029038
0 0.804199 0.716878 0.012695 0.029038
0 0.765137 0.714156 0.012695 0.030853
0 0.725586 0.715971 0.011719 0.030853
0 0.685059 0.715064 0.012695 0.032668
0 0.646484 0.718693 0.011719 0.032668
0 0.608398 0.720508 0.011719 0.032668
0 0.635742 0.655172 0.011719 0.032668
0 0.674316 0.648820 0.012695 0.034483
0 0.715820 0.644283 0.011719 0.032668
0 0.759277 0.644283 0.012695 0.032668
0 0.781738 0.657895 0.012695 0.030853
0 0.806641 0.645191 0.011719 0.030853
0 0.826660 0.657895 0.012695 0.034483
0 0.806641 0.575318 0.011719 0.029038
0 0.847656 0.568966 0.011719 0.030853
0 0.851074 0.507260 0.012695 0.030853
0 0.889160 0.634301 0.010742 0.027223
0 0.852051 0.648820 0.012695 0.027223
0 0.844238 0.720508 0.012695 0.029038
0 0.884766 0.778584 0.011719 0.032668
0 0.890137 0.575318 0.012695 0.029038
0 0.893555 0.509982 0.011719 0.029038
0 0.891113 0.448276 0.014648 0.029038
0 0.766602 0.572595 0.011719 0.030853
0 0.806152 0.505445 0.010742 0.027223
0 0.720215 0.572595 0.010742 0.027223
0 0.766113 0.508167 0.012695 0.032668
0 0.719727 0.512704 0.011719 0.030853
0 0.680664 0.508167 0.013672 0.032668
0 0.682617 0.574410 0.011719 0.034483
0 0.639648 0.575318 0.011719 0.032668
0 0.602539 0.578947 0.011719 0.029038
0 0.604004 0.508167 0.010742 0.029038
0 0.640625 0.510889 0.011719 0.030853
0 0.723145 0.446461 0.012695 0.032668
0 0.767090 0.442831 0.012695 0.032668
0 0.686035 0.445554 0.012695 0.027223
0 0.647461 0.450998 0.011719 0.030853
0 0.609863 0.453721 0.012695 0.032668
0 0.569824 0.451906 0.012695 0.032668
0 0.567383 0.509982 0.011719 0.032668
0 0.958496 0.623412 0.012695 0.030853
0 0.951172 0.591652 0.011719 0.029038
0 0.930176 0.615245 0.012695 0.029038
0 0.895508 0.260436 0.011719 0.027223
0 0.895020 0.323956 0.010742 0.027223
0 0.894531 0.386570 0.011719 0.032668
0 0.855957 0.243194 0.012695 0.032668
0 0.852539 0.311252 0.013672 0.030853
0 0.849609 0.375681 0.011719 0.029038
0 0.851074 0.435572 0.012695 0.032668
0 0.808594 0.441924 0.011719 0.030853
0 0.811035 0.380218 0.012695 0.030853
0 0.811035 0.313067 0.012695 0.034483
0 0.812988 0.247731 0.012695 0.030853
0 0.286621 0.580762 0.010742 0.029038
0 0.249512 0.580762 0.010742 0.029038
0 0.211426 0.579855 0.010742 0.027223
0 0.179199 0.579855 0.012695 0.030853
0 0.136719 0.580762 0.011719 0.029038
0 0.100586 0.585299 0.011719 0.030853
0 0.111816 0.522686 0.010742 0.029038
0 0.148926 0.519964 0.012695 0.030853
0 0.187012 0.519964 0.010742 0.030853
0 0.219727 0.519056 0.011719 0.029038
0 0.254395 0.518149 0.010742 0.027223
0 0.291504 0.521779 0.012695 0.030853
0 0.122070 0.468240 0.011719 0.025408
0 0.131348 0.405626 0.010742 0.027223
0 0.155273 0.458258 0.011719 0.027223
0 0.322754 0.579855 0.010742 0.027223
0 0.443848 0.517241 0.010742 0.029038
0 0.406738 0.514519 0.012695 0.030853
0 0.367676 0.512704 0.010742 0.027223
0 0.330566 0.517241 0.010742 0.029038
0 0.452148 0.454628 0.011719 0.030853
0 0.412598 0.454628 0.012695 0.030853
0 0.372559 0.460980 0.012695 0.029038
0 0.336426 0.455535 0.010742 0.029038
0 0.299805 0.457350 0.011719 0.032668
0 0.138672 0.350272 0.011719 0.029038
0 0.150879 0.290381 0.010742 0.029038
0 0.171387 0.338475 0.010742 0.027223
0 0.161133 0.394737 0.011719 0.027223
0 0.196777 0.399274 0.012695 0.025408
0 0.180176 0.269510 0.010742 0.027223
0 0.213379 0.273140 0.010742 0.027223
0 0.245117 0.274955 0.011719 0.027223
0 0.280273 0.274955 0.011719 0.027223
0 0.238770 0.338475 0.012695 0.030853
0 0.207520 0.333031 0.010742 0.027223
0 0.266602 0.394737 0.011719 0.030853
0 0.233398 0.394737 0.011719 0.030853
0 0.262695 0.460980 0.011719 0.029038
0 0.226562 0.455535 0.011719 0.025408
0 0.318848 0.274047 0.012695 0.029038
0 0.356445 0.274047 0.013672 0.032668
0 0.394531 0.269510 0.011719 0.030853
0 0.426758 0.269510 0.011719 0.030853
0 0.423828 0.329401 0.011719 0.027223
0 0.385742 0.333031 0.011719 0.027223
0 0.348633 0.333938 0.011719 0.029038
0 0.310547 0.330309 0.011719 0.032668
0 0.418457 0.388385 0.010742 0.029038
0 0.380371 0.388385 0.010742 0.032668
0 0.341797 0.391107 0.011719 0.030853
0 0.306641 0.394737 0.011719 0.027223
0 0.530273 0.450091 0.011719 0.025408
0 0.524414 0.516334 0.011719 0.030853
0 0.489258 0.452813 0.011719 0.030853
0 0.484375 0.517241 0.011719 0.029038
0 0.577148 0.263158 0.011719 0.032668
0 0.575684 0.323049 0.010742 0.032668
0 0.534180 0.324864 0.011719 0.032668
0 0.539551 0.267695 0.012695 0.030853
0 0.503418 0.269510 0.012695 0.030853
0 0.465332 0.269510 0.012695 0.030853
0 0.573730 0.390200 0.010742 0.029038
0 0.533691 0.391107 0.010742 0.027223
0 0.494141 0.392922 0.011719 0.030853
0 0.457031 0.392922 0.011719 0.027223
0 0.459961 0.332123 0.011719 0.029038
0 0.497559 0.330309 0.012695 0.029038
0 0.773438 0.248639 0.011719 0.029038
0 0.770508 0.318512 0.011719 0.030853
0 0.769043 0.377495 0.010742 0.029038
0 0.725586 0.377495 0.013672 0.032668
0 0.728516 0.319419 0.013672 0.032668
0 0.732422 0.249546 0.011719 0.030853
0 0.693359 0.255898 0.011719 0.029038
0 0.656738 0.257713 0.012695 0.032668
0 0.616699 0.262250 0.012695 0.030853
0 0.690430 0.315789 0.011719 0.029038
0 0.687012 0.377495 0.012695 0.029038
0 0.650879 0.382940 0.012695 0.029038
0 0.616211 0.324864 0.011719 0.029038
0 0.653320 0.317604 0.011719 0.029038
0 0.612793 0.387477 0.010742 0.027223