0 0.069824 0.133268 0.024414 0.052529
0 0.155273 0.133268 0.021484 0.056420
0 0.224609 0.173152 0.019531 0.050584
0 0.292480 0.142996 0.020508 0.044747
0 0.374023 0.161479 0.019531 0.050584
0 0.081543 0.306420 0.024414 0.052529
0 0.166504 0.291829 0.022461 0.050584
0 0.245605 0.244163 0.022461 0.056420
0 0.321289 0.260700 0.023438 0.058366
0 0.291016 0.464008 0.025391 0.060311
0 0.202637 0.476654 0.024414 0.058366
0 0.406738 0.454280 0.022461 0.056420
0 0.405762 0.267510 0.024414 0.056420
0 0.500000 0.268482 0.023438 0.046693
0 0.577637 0.276265 0.022461 0.058366
0 0.492188 0.459144 0.025391 0.058366
0 0.584961 0.468872 0.025391 0.050584
0 0.457031 0.139105 0.019531 0.048638
0 0.528320 0.132296 0.021484 0.050584
0 0.612793 0.174125 0.018555 0.048638
0 0.673340 0.157588 0.018555 0.046693
0 0.649902 0.309339 0.020508 0.054475
0 0.676758 0.461089 0.023438 0.062257
0 0.710449 0.292802 0.024414 0.060311
0 0.780273 0.331712 0.023438 0.052529
0 0.768555 0.459144 0.025391 0.062257
0 0.864258 0.472763 0.027344 0.062257
0 0.856934 0.292802 0.024414 0.056420
0 0.725098 0.129377 0.018555 0.044747
0 0.800781 0.149805 0.019531 0.046693
0 0.867188 0.185798 0.019531 0.048638
0 0.933105 0.199416 0.020508 0.048638