0 0.162598 0.485401 0.022461 0.024818
0 0.247559 0.475912 0.024414 0.040876
0 0.339355 0.440146 0.024414 0.030657
0 0.411133 0.295620 0.019531 0.024818
0 0.420410 0.459124 0.020508 0.036496
0 0.501953 0.440876 0.021484 0.026277
0 0.453613 0.551825 0.028320 0.040876
0 0.375488 0.545255 0.020508 0.033577
0 0.280762 0.581752 0.024414 0.027737
0 0.569824 0.545255 0.024414 0.036496
0 0.582520 0.435766 0.020508 0.024818
0 0.583984 0.247445 0.017578 0.021898
0 0.656738 0.462774 0.016602 0.023358
0 0.672852 0.546715 0.021484 0.036496
0 0.731934 0.461314 0.020508 0.029197
0 0.813477 0.427737 0.019531 0.026277
0 0.502930 0.067883 0.023438 0.042336