0 0.087891 0.164714 0.037109 0.055990
0 0.242188 0.289714 0.039062 0.061198
0 0.333496 0.195312 0.026367 0.052083
0 0.416016 0.222656 0.017578 0.049479
0 0.111816 0.462891 0.043945 0.063802
0 0.257324 0.592448 0.041992 0.067708
0 0.529785 0.177083 0.030273 0.049479
0 0.653320 0.237630 0.029297 0.050781
0 0.708984 0.175130 0.025391 0.045573
0 0.757812 0.143880 0.027344 0.045573
0 0.417480 0.449219 0.040039 0.078125
0 0.586914 0.399089 0.035156 0.050781
0 0.747559 0.496094 0.038086 0.067708
0 0.606445 0.673177 0.041016 0.067708
0 0.909668 0.656901 0.032227 0.053385
0 0.868652 0.344401 0.032227 0.061198