0 0.190430 0.428047 0.015625 0.027900
0 0.223633 0.490455 0.017578 0.041116
0 0.237793 0.481645 0.018555 0.032305
0 0.500000 0.527166 0.025391 0.055800
0 0.503418 0.534508 0.024414 0.052863
0 0.514160 0.572687 0.028320 0.035242
0 0.585449 0.533774 0.030273 0.063142
0 0.579590 0.437592 0.032227 0.061674
0 0.640137 0.419971 0.032227 0.064611
0 0.094727 0.835536 0.011719 0.023495
0 0.087402 0.820117 0.016602 0.019090
0 0.881348 0.183554 0.159180 0.276065
0 0.397461 0.328194 0.115234 0.198238
0 0.172852 0.537445 0.013672 0.026432