0 0.563477 0.203297 0.021484 0.020757
0 0.659180 0.161172 0.023438 0.034188
0 0.737305 0.167888 0.023438 0.032967
0 0.822754 0.200244 0.022461 0.024420
0 0.571289 0.441392 0.023438 0.023199
0 0.866211 0.462759 0.023438 0.019536
0 0.892578 0.493895 0.025391 0.023199
0 0.082520 0.648962 0.012695 0.018315
0 0.125488 0.635531 0.012695 0.020757
0 0.131348 0.671551 0.012695 0.034188
0 0.225586 0.721001 0.015625 0.035409
0 0.301270 0.773504 0.028320 0.042735
0 0.371094 0.780830 0.019531 0.047619
0 0.387207 0.841270 0.022461 0.058608
0 0.179199 0.793040 0.030273 0.042735
0 0.089844 0.776557 0.021484 0.031746
0 0.031738 0.777778 0.022461 0.034188
0 0.361816 0.964591 0.036133 0.065934
0 0.301758 0.899878 0.035156 0.061050
0 0.500977 0.767399 0.027344 0.057387
0 0.426758 0.720391 0.021484 0.029304
0 0.455078 0.692918 0.013672 0.025641
0 0.469238 0.681929 0.016602 0.025641
0 0.568359 0.768010 0.017578 0.031746
0 0.542480 0.760684 0.028320 0.058608
0 0.276367 0.752137 0.015625 0.046398
0 0.195312 0.650794 0.013672 0.026862
0 0.620605 0.957265 0.026367 0.051282
0 0.892578 0.636752 0.035156 0.047619
0 0.940918 0.619048 0.024414 0.039072
0 0.702637 0.622711 0.032227 0.041514
0 0.627441 0.614774 0.028320 0.037851
0 0.694824 0.910867 0.026367 0.053724