0 0.080078 0.429515 0.017578 0.036711
0 0.188477 0.421439 0.017578 0.026432
0 0.216309 0.400881 0.012695 0.023495
0 0.230469 0.425110 0.019531 0.033774
0 0.325684 0.400147 0.016602 0.027900
0 0.355469 0.381057 0.021484 0.033774
0 0.347168 0.426579 0.016602 0.036711
0 0.496094 0.389868 0.021484 0.033774
0 0.501953 0.354626 0.019531 0.027900
0 0.542969 0.402349 0.019531 0.035242
0 0.573730 0.358297 0.022461 0.046990
0 0.638184 0.371512 0.014648 0.026432
0 0.663086 0.383994 0.017578 0.033774
0 0.677246 0.389134 0.020508 0.046990
0 0.707031 0.381057 0.017578 0.045521
0 0.749512 0.377386 0.010742 0.020558
0 0.840820 0.405286 0.015625 0.032305
0 0.857422 0.384728 0.029297 0.064611
0 0.896973 0.334802 0.022461 0.044053
0 0.913086 0.387665 0.023438 0.052863