0 0.845703 0.687318 0.056641 0.106414
0 0.911133 0.542274 0.037109 0.072886
0 0.957031 0.503644 0.033203 0.051020
0 0.869629 0.524052 0.032227 0.045190
0 0.862305 0.486152 0.021484 0.045190
0 0.792480 0.599854 0.030273 0.059767
0 0.707520 0.629738 0.051758 0.107872
0 0.624023 0.648688 0.033203 0.064140
0 0.615234 0.575073 0.027344 0.051020
0 0.791992 0.486152 0.015625 0.036443
0 0.921875 0.451166 0.015625 0.027697
0 0.796875 0.429300 0.011719 0.024781
0 0.813965 0.443878 0.012695 0.021866
0 0.843750 0.451895 0.011719 0.023324
0 0.748535 0.467930 0.018555 0.040816
0 0.761230 0.460641 0.012695 0.032070
0 0.783203 0.438776 0.015625 0.020408
0 0.770020 0.424927 0.010742 0.024781
0 0.745117 0.416910 0.013672 0.026239
0 0.763672 0.393586 0.011719 0.020408
0 0.690430 0.445335 0.013672 0.027697
0 0.692871 0.409621 0.012695 0.029155
0 0.668457 0.456268 0.014648 0.029155
0 0.568359 0.445335 0.017578 0.036443
0 0.592773 0.399417 0.011719 0.023324
0 0.511230 0.444606 0.014648 0.029155
0 0.487793 0.432216 0.016602 0.027697
0 0.623535 0.384840 0.010742 0.017493
0 0.422852 0.402332 0.011719 0.014577
0 0.435059 0.451166 0.016602 0.030612
0 0.463379 0.438047 0.020508 0.033528
0 0.397949 0.470845 0.020508 0.034985
0 0.410156 0.443878 0.017578 0.033528
0 0.345215 0.423469 0.018555 0.033528
0 0.331055 0.423469 0.015625 0.030612
0 0.343262 0.355685 0.010742 0.017493
0 0.321777 0.494169 0.020508 0.034985
0 0.242188 0.365889 0.011719 0.023324
0 0.301758 0.377551 0.011719 0.023324
0 0.236816 0.400875 0.012695 0.023324
0 0.209473 0.395773 0.010742 0.021866
0 0.176270 0.377551 0.010742 0.023324
0 0.160156 0.410350 0.011719 0.021866
0 0.112793 0.432216 0.018555 0.033528
0 0.245605 0.478863 0.022461 0.045190
0 0.283203 0.453353 0.017578 0.034985
0 0.147461 0.451166 0.013672 0.033528
0 0.130371 0.368076 0.010742 0.021866
0 0.084961 0.356414 0.013672 0.021866
0 0.055664 0.382653 0.011719 0.024781
0 0.009766 0.426385 0.019531 0.039359
0 0.072266 0.427843 0.017578 0.036443
0 0.025879 0.516764 0.028320 0.042274
0 0.104980 0.534985 0.036133 0.061224
0 0.174316 0.583819 0.022461 0.045190
0 0.162598 0.663994 0.036133 0.062682
0 0.375488 0.519679 0.026367 0.045190
0 0.458008 0.539359 0.027344 0.058309
0 0.442871 0.733965 0.063477 0.158892
0 0.337891 0.893586 0.103516 0.201166
0 0.741211 0.928571 0.074219 0.142857
0 0.023438 0.812682 0.044922 0.123907
0 0.009277 0.663994 0.018555 0.056851
0 0.540527 0.427843 0.010742 0.024781
0 0.584961 0.567055 0.031250 0.064140
0 0.394531 0.139942 0.015625 0.029155
0 0.080078 0.533528 0.025391 0.049563