0 0.108398 0.398519 0.039062 0.045926
0 0.435059 0.303333 0.040039 0.034815
0 0.557129 0.293704 0.034180 0.030370
0 0.941895 0.246667 0.040039 0.034074
0 0.929199 0.415926 0.036133 0.045185
0 0.780273 0.172963 0.044922 0.046667
0 0.015137 0.182222 0.030273 0.035556
0 0.015137 0.097407 0.030273 0.031852
0 0.036621 0.044074 0.040039 0.031852
0 0.089844 0.018519 0.027344 0.026667
0 0.055664 0.124444 0.033203 0.028148
0 0.249512 0.298519 0.032227 0.037037
0 0.228516 0.312593 0.027344 0.026667
0 0.182617 0.332222 0.027344 0.033333
0 0.086426 0.178519 0.014648 0.019259
0 0.823730 0.077778 0.034180 0.035556
0 0.805664 0.084074 0.029297 0.040741
0 0.744629 0.086296 0.032227 0.027407
0 0.770996 0.194815 0.040039 0.035556
0 0.752441 0.220000 0.026367 0.028148
0 0.930176 0.165185 0.036133 0.040000
0 0.533203 0.692222 0.044922 0.054074