0 0.038574 0.375813 0.026367 0.036411
0 0.095215 0.373862 0.022461 0.032510
0 0.120605 0.382315 0.018555 0.031209
0 0.154785 0.362809 0.020508 0.031209
0 0.141602 0.407672 0.021484 0.027308
0 0.179199 0.389467 0.022461 0.032510
0 0.221680 0.379714 0.017578 0.026008
0 0.246582 0.381664 0.016602 0.024707
0 0.244629 0.419376 0.018555 0.024707
0 0.266602 0.407022 0.011719 0.026008
0 0.286621 0.396619 0.014648 0.023407
0 0.272461 0.371261 0.015625 0.022107
0 0.294922 0.372562 0.015625 0.024707
0 0.300781 0.415475 0.017578 0.032510
0 0.334473 0.386216 0.018555 0.028609
0 0.316895 0.374512 0.010742 0.018205
0 0.329590 0.359558 0.012695 0.019506
0 0.376465 0.388166 0.014648 0.024707
0 0.401367 0.384265 0.013672 0.024707
0 0.392090 0.347854 0.014648 0.019506
0 0.428711 0.377113 0.015625 0.023407
0 0.351074 0.497399 0.020508 0.029909
0 0.322754 0.525358 0.020508 0.031209
0 0.287109 0.529259 0.019531 0.031209
0 0.254883 0.498049 0.017578 0.026008
0 0.226562 0.531860 0.019531 0.031209
0 0.461426 0.391417 0.014648 0.020806
0 0.462402 0.365410 0.014648 0.018205
0 0.482422 0.388166 0.019531 0.029909
0 0.513184 0.377113 0.014648 0.028609
0 0.508301 0.357607 0.012695 0.023407
0 0.535645 0.382965 0.016602 0.024707
0 0.562012 0.366060 0.012695 0.019506
0 0.579590 0.363459 0.014648 0.022107
0 0.591797 0.384915 0.013672 0.020806
0 0.609375 0.364109 0.015625 0.026008
0 0.598145 0.362159 0.012695 0.019506
0 0.623535 0.383615 0.016602 0.023407
0 0.646484 0.371261 0.013672 0.019506
0 0.666016 0.353056 0.015625 0.024707
0 0.697754 0.376463 0.018555 0.024707
0 0.684082 0.432380 0.020508 0.032510
0 0.640137 0.425228 0.018555 0.028609
0 0.594727 0.420676 0.017578 0.029909
0 0.613281 0.465540 0.017578 0.028609
0 0.630371 0.524707 0.014648 0.029909
0 0.577637 0.525358 0.016602 0.028609
0 0.561035 0.501951 0.016602 0.023407
0 0.525391 0.524707 0.017578 0.027308
0 0.475098 0.526008 0.016602 0.029909
0 0.700684 0.526008 0.018555 0.029909
0 0.719238 0.497399 0.020508 0.029909
0 0.760254 0.479194 0.018555 0.027308
0 0.798828 0.535761 0.019531 0.031209
0 0.810547 0.491547 0.023438 0.028609
0 0.773438 0.395319 0.019531 0.028609
0 0.733887 0.390767 0.018555 0.027308
0 0.727539 0.371261 0.015625 0.022107
0 0.758789 0.347854 0.017578 0.027308
0 0.797852 0.389467 0.017578 0.022107
0 0.833496 0.366060 0.022461 0.029909
0 0.885742 0.381664 0.019531 0.032510
0 0.859863 0.488947 0.022461 0.033810