0 0.903809 0.399853 0.043945 0.078056
0 0.735352 0.416053 0.035156 0.083947
0 0.624023 0.454345 0.039062 0.057437
0 0.797852 0.434462 0.025391 0.047128
0 0.967773 0.434462 0.029297 0.053019
0 0.994629 0.435935 0.010742 0.053019
0 0.679199 0.458763 0.020508 0.045655
0 0.505859 0.478645 0.037109 0.073638
0 0.410156 0.396171 0.033203 0.061856
0 0.325195 0.454345 0.029297 0.054492
0 0.229980 0.558174 0.028320 0.044183
0 0.265625 0.539764 0.017578 0.033873
0 0.125977 0.529455 0.033203 0.054492
0 0.099121 0.550810 0.024414 0.038292
0 0.010254 0.497791 0.020508 0.044183