0 0.398926 0.024818 0.016602 0.029197
0 0.409668 0.013139 0.014648 0.023358
0 0.359863 0.131387 0.018555 0.029197
0 0.443359 0.131387 0.019531 0.035036
0 0.414062 0.158394 0.019531 0.036496
0 0.435547 0.167883 0.019531 0.037956
0 0.407715 0.205109 0.020508 0.042336
0 0.382324 0.262044 0.020508 0.036496
0 0.371582 0.294891 0.022461 0.040876
0 0.375488 0.317518 0.018555 0.045255
0 0.565430 0.056204 0.017578 0.030657
0 0.547852 0.091241 0.017578 0.027737
0 0.535156 0.099270 0.013672 0.023358
0 0.529297 0.143796 0.015625 0.033577
0 0.518555 0.153285 0.017578 0.032117
0 0.503906 0.197080 0.015625 0.023358
0 0.496094 0.242336 0.013672 0.029197
0 0.487305 0.252555 0.013672 0.023358
0 0.476562 0.293431 0.017578 0.029197
0 0.465820 0.332847 0.013672 0.026277
0 0.444824 0.332847 0.014648 0.017518
0 0.566406 0.250365 0.017578 0.039416
0 0.578613 0.248175 0.014648 0.037956
0 0.554199 0.305839 0.020508 0.036496
0 0.559082 0.356204 0.022461 0.043796
0 0.532715 0.370803 0.024414 0.046715
0 0.323242 0.191241 0.017578 0.026277
0 0.312012 0.227737 0.018555 0.023358
0 0.289062 0.286131 0.013672 0.020438
0 0.280762 0.331387 0.018555 0.029197
0 0.348145 0.355474 0.020508 0.045255
0 0.333008 0.354745 0.023438 0.043796
0 0.319336 0.405109 0.023438 0.033577
0 0.313477 0.431387 0.021484 0.045255
0 0.290527 0.427007 0.022461 0.045255
0 0.275879 0.476642 0.024414 0.051095
0 0.357910 0.327007 0.018555 0.043796
0 0.437988 0.386861 0.022461 0.037956
0 0.420898 0.408759 0.025391 0.035036
0 0.381348 0.466423 0.018555 0.036496
0 0.398926 0.467883 0.016602 0.036496
0 0.527344 0.424088 0.025391 0.039416
0 0.522461 0.453285 0.023438 0.036496
0 0.513672 0.477372 0.025391 0.052555
0 0.502930 0.481752 0.025391 0.052555
0 0.473145 0.524088 0.024414 0.043796
0 0.467773 0.556204 0.023438 0.052555
0 0.243652 0.370073 0.024414 0.033577
0 0.218262 0.389051 0.024414 0.036496
0 0.190430 0.437226 0.017578 0.039416
0 0.203125 0.445255 0.019531 0.032117
0 0.175781 0.462044 0.023438 0.039416
0 0.150879 0.495620 0.018555 0.033577
0 0.131348 0.527737 0.028320 0.039416
0 0.139160 0.611679 0.026367 0.049635
0 0.253906 0.535766 0.027344 0.052555
0 0.222168 0.594891 0.028320 0.056934
0 0.292480 0.632847 0.026367 0.039416
0 0.362305 0.629197 0.029297 0.037956
0 0.086914 0.597810 0.029297 0.039416
0 0.050293 0.610219 0.024414 0.052555
0 0.457031 0.626277 0.027344 0.052555
0 0.436035 0.675912 0.028320 0.052555
0 0.568848 0.702190 0.032227 0.046715
0 0.621094 0.624818 0.031250 0.046715
0 0.903320 0.064964 0.015625 0.030657
0 0.897461 0.120438 0.017578 0.030657
0 0.862305 0.187591 0.021484 0.036496
0 0.877441 0.160584 0.016602 0.029197
0 0.843262 0.212409 0.020508 0.039416
0 0.859863 0.304380 0.022461 0.045255
0 0.808105 0.154015 0.016602 0.036496
0 0.783691 0.173723 0.018555 0.035036
0 0.774414 0.196350 0.019531 0.033577
0 0.780762 0.205839 0.016602 0.037956
0 0.767090 0.232847 0.020508 0.045255
0 0.744629 0.293431 0.022461 0.037956
0 0.744141 0.341606 0.019531 0.040876
0 0.745117 0.376642 0.019531 0.043796
0 0.729492 0.418978 0.019531 0.046715
0 0.719238 0.428467 0.022461 0.048175
0 0.665527 0.202190 0.016602 0.027737
0 0.661621 0.332117 0.016602 0.033577
0 0.649902 0.345255 0.016602 0.030657
0 0.638184 0.381752 0.022461 0.030657
0 0.704590 0.462774 0.024414 0.035036
0 0.702637 0.532117 0.026367 0.054015
0 0.709473 0.508759 0.022461 0.042336
0 0.719238 0.565693 0.026367 0.051095
0 0.812988 0.498540 0.026367 0.039416
0 0.831055 0.562044 0.025391 0.040876
0 0.835449 0.627737 0.026367 0.052555
0 0.829590 0.430657 0.018555 0.037956
0 0.911133 0.572263 0.025391 0.043796
0 0.955566 0.648175 0.022461 0.049635
0 0.370117 0.127007 0.015625 0.035036
0 0.379883 0.113869 0.013672 0.032117