0 0.025391 0.601090 0.011719 0.018160
0 0.137695 0.598063 0.011719 0.019370
0 0.356934 0.409201 0.016602 0.038741
0 0.507812 0.473366 0.015625 0.041162
0 0.573730 0.608959 0.010742 0.016949
0 0.615234 0.622881 0.013672 0.018160
0 0.684082 0.642252 0.012695 0.018160
0 0.677734 0.609564 0.011719 0.015738
0 0.833496 0.634988 0.010742 0.023002
0 0.864746 0.641041 0.012695 0.020581
0 0.915039 0.634988 0.011719 0.023002
0 0.922363 0.685835 0.012695 0.023002
0 0.863281 0.752421 0.013672 0.023002
0 0.919434 0.743341 0.014648 0.024213
0 0.950684 0.776634 0.014648 0.018160
0 0.958984 0.674334 0.011719 0.016949
0 0.960938 0.653148 0.011719 0.018160
0 0.534668 0.851090 0.032227 0.128329