0 0.016113 0.379589 0.022461 0.039648
0 0.036621 0.334068 0.020508 0.036711
0 0.104980 0.301762 0.024414 0.048458
0 0.098633 0.376652 0.017578 0.051395
0 0.158203 0.379589 0.027344 0.057269
0 0.136230 0.420705 0.018555 0.048458
0 0.072754 0.498532 0.024414 0.051395
0 0.152344 0.546990 0.015625 0.045521
0 0.175293 0.351689 0.010742 0.024963
0 0.293457 0.308370 0.018555 0.038179
0 0.313477 0.331865 0.017578 0.041116
0 0.345703 0.312775 0.019531 0.049927
0 0.329102 0.400881 0.015625 0.046990
0 0.344238 0.430984 0.016602 0.042584
0 0.401367 0.384728 0.019531 0.044053
0 0.421387 0.360499 0.020508 0.039648
0 0.411621 0.316446 0.020508 0.033774
0 0.408691 0.505140 0.018555 0.038179
0 0.445312 0.326725 0.013672 0.024963
0 0.458984 0.389134 0.021484 0.044053
0 0.490234 0.342878 0.023438 0.033774
0 0.516602 0.357562 0.033203 0.063142
0 0.569824 0.317181 0.016602 0.026432
0 0.602051 0.338473 0.020508 0.036711
0 0.582031 0.372247 0.019531 0.039648
0 0.647461 0.352423 0.015625 0.026432
0 0.661621 0.352423 0.012695 0.026432
0 0.656250 0.393539 0.019531 0.026432
0 0.614746 0.501468 0.014648 0.033774
0 0.953613 0.325991 0.014648 0.026432
0 0.994141 0.334068 0.011719 0.030837
0 0.979492 0.385463 0.015625 0.036711
0 0.958008 0.404552 0.015625 0.042584
0 0.940918 0.834802 0.118164 0.183554