0 0.107910 0.338667 0.018555 0.064000
0 0.148438 0.374667 0.015625 0.056000
0 0.180176 0.401333 0.014648 0.050667
0 0.205078 0.384000 0.017578 0.053333
0 0.239258 0.344000 0.017578 0.053333
0 0.264648 0.352000 0.017578 0.053333
0 0.302246 0.326667 0.016602 0.050667
0 0.332031 0.330667 0.019531 0.058667
0 0.290527 0.518667 0.018555 0.061333
0 0.250977 0.653333 0.019531 0.069333
0 0.174805 0.644000 0.019531 0.066667
0 0.113770 0.658667 0.020508 0.069333
0 0.147949 0.533333 0.016602 0.058667
0 0.217285 0.518667 0.016602 0.061333
0 0.392090 0.530667 0.016602 0.064000
0 0.398438 0.426667 0.015625 0.053333
0 0.465332 0.340000 0.018555 0.050667
0 0.487305 0.368000 0.015625 0.042667
0 0.516602 0.376000 0.015625 0.053333
0 0.463379 0.569333 0.018555 0.056000
0 0.534180 0.500000 0.019531 0.066667
0 0.606445 0.572000 0.017578 0.061333
0 0.577637 0.369333 0.018555 0.056000
0 0.543945 0.348000 0.017578 0.050667
0 0.610840 0.344000 0.016602 0.058667
0 0.637695 0.385333 0.017578 0.061333
0 0.665039 0.513333 0.017578 0.066667
0 0.720215 0.520000 0.016602 0.053333
0 0.692871 0.634667 0.020508 0.058667
0 0.778809 0.634667 0.016602 0.064000
0 0.777344 0.509333 0.017578 0.058667
0 0.761719 0.354667 0.015625 0.053333
0 0.779785 0.346667 0.016602 0.058667
0 0.701172 0.362667 0.017578 0.053333
0 0.668457 0.329333 0.016602 0.056000
0 0.816406 0.320000 0.017578 0.058667
0 0.846680 0.298667 0.017578 0.069333
0 0.903320 0.338667 0.017578 0.058667
0 0.851562 0.637333 0.019531 0.064000