0 0.040527 0.280822 0.014648 0.030822
0 0.128418 0.246575 0.012695 0.030822
0 0.145508 0.247432 0.013672 0.035959
0 0.214844 0.256849 0.015625 0.034247
0 0.182617 0.345890 0.013672 0.034247
0 0.145020 0.345034 0.014648 0.029110
0 0.063965 0.354452 0.016602 0.034247
0 0.148926 0.449486 0.016602 0.035959
0 0.118652 0.449486 0.016602 0.032534
0 0.073242 0.439212 0.017578 0.032534
0 0.032715 0.429795 0.014648 0.027397
0 0.027832 0.592466 0.016602 0.037671
0 0.052734 0.595034 0.015625 0.035959
0 0.080078 0.600171 0.015625 0.039384
0 0.107422 0.596747 0.015625 0.029110
0 0.162598 0.560788 0.014648 0.039384
0 0.192871 0.556507 0.018555 0.044521
0 0.271973 0.580479 0.016602 0.037671
0 0.289551 0.634418 0.016602 0.042808
0 0.245117 0.367295 0.013672 0.029110
0 0.304199 0.342466 0.014648 0.030822
0 0.277832 0.468322 0.016602 0.035959
0 0.249512 0.472603 0.014648 0.030822
0 0.230957 0.252568 0.012695 0.032534
0 0.304688 0.234589 0.015625 0.034247
0 0.344727 0.326199 0.017578 0.032534
0 0.380371 0.233733 0.014648 0.032534
0 0.466309 0.244863 0.012695 0.027397
0 0.489746 0.242295 0.010742 0.029110
0 0.561523 0.243151 0.015625 0.027397
0 0.571777 0.327911 0.016602 0.032534
0 0.472168 0.327055 0.016602 0.030822
0 0.515625 0.444349 0.015625 0.032534
0 0.663574 0.232021 0.014648 0.029110
0 0.613770 0.243151 0.012695 0.027397
0 0.671875 0.297089 0.013672 0.032534
0 0.778809 0.209760 0.014648 0.029110
0 0.754395 0.220890 0.014648 0.030822
0 0.757324 0.294521 0.016602 0.034247
0 0.723145 0.301370 0.016602 0.030822
0 0.963379 0.322774 0.014648 0.035959
0 0.848633 0.299658 0.015625 0.034247
0 0.868164 0.343322 0.013672 0.035959
0 0.842285 0.337329 0.014648 0.037671
0 0.922852 0.363014 0.015625 0.027397
0 0.922852 0.431507 0.017578 0.037671
0 0.880859 0.453767 0.015625 0.034247
0 0.843262 0.434932 0.014648 0.034247
0 0.806641 0.453767 0.017578 0.037671
0 0.890137 0.535959 0.018555 0.051370
0 0.628418 0.436644 0.012695 0.030822
0 0.590820 0.454623 0.015625 0.029110
0 0.535645 0.453767 0.016602 0.030822
0 0.536133 0.565925 0.015625 0.039384
0 0.347656 0.460616 0.013672 0.030822
0 0.380371 0.522260 0.016602 0.044521
0 0.353027 0.568493 0.016602 0.041096
0 0.426758 0.544521 0.015625 0.044521
0 0.444824 0.447774 0.014648 0.032534
0 0.720215 0.445205 0.014648 0.041096
0 0.767090 0.440068 0.014648 0.037671
0 0.769043 0.556507 0.018555 0.044521
0 0.697266 0.580479 0.015625 0.041096
0 0.723633 0.586473 0.015625 0.042808
0 0.644531 0.592466 0.015625 0.041096
0 0.828125 0.571918 0.015625 0.037671
0 0.600098 0.582192 0.014648 0.037671
0 0.554688 0.596747 0.015625 0.039384
0 0.494141 0.636986 0.015625 0.044521
0 0.437988 0.327055 0.014648 0.030822
0 0.992188 0.448630 0.013672 0.030822