0 0.974121 0.555296 0.010742 0.023364
0 0.980957 0.483645 0.010742 0.023364
0 0.971191 0.482866 0.010742 0.021807
0 0.928223 0.478972 0.010742 0.023364
0 0.862305 0.531153 0.013672 0.024922
0 0.874023 0.609034 0.013672 0.024922
0 0.798340 0.610592 0.012695 0.028037
0 0.802734 0.711838 0.015625 0.024922
0 0.752930 0.599688 0.015625 0.031153
0 0.728516 0.569315 0.015625 0.026480
0 0.766602 0.500000 0.011719 0.021807
0 0.790039 0.515576 0.011719 0.024922
0 0.829590 0.529595 0.012695 0.024922
0 0.843262 0.471963 0.010742 0.021807
0 0.823730 0.469626 0.012695 0.023364
0 0.764160 0.450156 0.010742 0.021807
0 0.735352 0.482087 0.013672 0.023364
0 0.742188 0.461838 0.011719 0.023364
0 0.664551 0.609813 0.012695 0.029595
0 0.643555 0.591900 0.013672 0.024922
0 0.599609 0.566199 0.013672 0.026480
0 0.617188 0.471184 0.015625 0.023364
0 0.653320 0.471963 0.011719 0.021807
0 0.561035 0.467290 0.010742 0.018692
0 0.563477 0.450156 0.011719 0.021807
0 0.605469 0.489875 0.011719 0.023364
0 0.608887 0.322430 0.010742 0.021807
0 0.582520 0.355919 0.010742 0.017134
0 0.597168 0.345794 0.010742 0.021807
0 0.567871 0.340343 0.010742 0.020249
0 0.466309 0.361371 0.010742 0.018692
0 0.448242 0.359034 0.011719 0.020249
0 0.418457 0.353583 0.010742 0.021807
0 0.435547 0.278816 0.011719 0.018692
0 0.479980 0.217290 0.010742 0.020249
0 0.547363 0.156542 0.010742 0.023364
0 0.597656 0.198598 0.011719 0.023364
0 0.426758 0.411215 0.011719 0.021807
0 0.436523 0.433022 0.011719 0.024922
0 0.418457 0.457165 0.010742 0.023364
0 0.406738 0.507009 0.010742 0.023364
0 0.440918 0.479751 0.012695 0.024922
0 0.388184 0.549065 0.014648 0.026480
0 0.523438 0.609813 0.013672 0.029595
0 0.490234 0.628505 0.017578 0.035826
0 0.411133 0.652648 0.013672 0.028037
0 0.389160 0.714174 0.016602 0.029595
0 0.409180 0.623053 0.013672 0.028037
0 0.424805 0.592679 0.013672 0.029595
0 0.361816 0.571651 0.014648 0.028037
0 0.330078 0.647196 0.013672 0.026480
0 0.316406 0.611371 0.015625 0.026480
0 0.341309 0.594237 0.014648 0.026480
0 0.300781 0.548287 0.013672 0.024922
0 0.481934 0.472741 0.010742 0.023364
0 0.378906 0.503894 0.011719 0.026480
0 0.332520 0.475078 0.012695 0.028037
0 0.341309 0.429907 0.010742 0.021807
0 0.546387 0.581776 0.014648 0.026480
0 0.535156 0.559969 0.013672 0.026480
0 0.210449 0.640966 0.014648 0.029595
0 0.238281 0.578660 0.015625 0.035826
0 0.270996 0.570093 0.012695 0.031153
0 0.257812 0.537383 0.013672 0.031153
0 0.293457 0.504673 0.014648 0.031153
0 0.183594 0.587227 0.013672 0.028037
0 0.131836 0.596573 0.013672 0.028037
0 0.086426 0.623053 0.016602 0.031153
0 0.025391 0.605919 0.015625 0.031153
0 0.058105 0.549065 0.014648 0.026480
0 0.102051 0.516355 0.012695 0.026480
0 0.125977 0.529595 0.013672 0.031153
0 0.146973 0.528037 0.012695 0.028037
0 0.168457 0.525701 0.012695 0.023364
0 0.212891 0.543614 0.013672 0.028037
0 0.250488 0.502336 0.012695 0.026480
0 0.201172 0.494548 0.013672 0.029595
0 0.041992 0.472741 0.011719 0.023364
0 0.110840 0.436137 0.010742 0.018692
0 0.062988 0.427570 0.010742 0.017134
0 0.239746 0.433022 0.010742 0.024922
0 0.439453 0.588006 0.013672 0.026480
0 0.180176 0.405763 0.010742 0.020249
0 0.082520 0.394081 0.010742 0.018692
0 0.148926 0.346573 0.010742 0.020249
0 0.201172 0.337227 0.011719 0.023364
0 0.253418 0.317757 0.010742 0.018692
0 0.281738 0.340343 0.010742 0.020249
0 0.321777 0.254673 0.010742 0.023364
0 0.256348 0.261682 0.010742 0.021807
0 0.179199 0.278037 0.010742 0.017134
0 0.268066 0.393302 0.010742 0.023364
0 0.139160 0.425234 0.010742 0.018692
0 0.040527 0.271028 0.010742 0.018692
0 0.019531 0.264019 0.011719 0.017134
0 0.062012 0.140966 0.010742 0.020249
0 0.597168 0.704829 0.014648 0.026480
0 0.552246 0.721963 0.014648 0.029595
0 0.076172 0.579439 0.015625 0.034268
0 0.078613 0.511682 0.014648 0.029595
0 0.818359 0.079439 0.011719 0.021807
0 0.714355 0.496106 0.016602 0.029595
0 0.202637 0.266355 0.010742 0.021807