0 0.835449 0.289165 0.026367 0.051245
0 0.920898 0.304539 0.027344 0.052709
0 0.810547 0.138360 0.023438 0.042460
0 0.704102 0.163982 0.023438 0.049780
0 0.690430 0.297950 0.023438 0.048316
0 0.547852 0.166179 0.019531 0.042460
0 0.498047 0.286969 0.025391 0.058565
0 0.480957 0.181552 0.022461 0.040996
0 0.030273 0.139092 0.021484 0.043924
0 0.047363 0.232064 0.028320 0.051245
0 0.122559 0.173499 0.020508 0.042460
0 0.346680 0.201318 0.023438 0.048316
0 0.311035 0.253294 0.026367 0.055637
0 0.270020 0.248902 0.024414 0.046852
0 0.215332 0.131772 0.020508 0.038067
0 0.174316 0.257687 0.026367 0.046852
0 0.435059 0.405564 0.028320 0.070278
0 0.010254 0.126647 0.016602 0.033675