0 0.060059 0.286638 0.040039 0.076149
0 0.085938 0.277299 0.035156 0.071839
0 0.098145 0.242816 0.028320 0.057471
0 0.108398 0.295977 0.025391 0.054598
0 0.201660 0.236351 0.038086 0.073276
0 0.297363 0.216954 0.028320 0.057471
0 0.308594 0.316092 0.029297 0.066092
0 0.347168 0.246408 0.040039 0.079023
0 0.438477 0.239943 0.035156 0.077586
0 0.530273 0.107759 0.060547 0.109195
0 0.641113 0.298851 0.038086 0.074713
0 0.718262 0.225575 0.038086 0.080460
0 0.808105 0.604167 0.038086 0.061782
0 0.808594 0.248563 0.035156 0.060345
0 0.893066 0.284483 0.022461 0.060345
0 0.922363 0.293103 0.040039 0.074713
0 0.969727 0.294540 0.031250 0.071839
0 0.658203 0.041667 0.019531 0.040230
0 0.978516 0.662356 0.031250 0.054598