0 0.022461 0.128255 0.042969 0.074219
0 0.120605 0.121094 0.043945 0.070312
0 0.231934 0.127604 0.036133 0.072917
0 0.334961 0.168620 0.037109 0.055990
0 0.353516 0.143880 0.039062 0.069010
0 0.423828 0.132812 0.023438 0.052083
0 0.451172 0.147135 0.042969 0.072917
0 0.519043 0.118490 0.022461 0.039062
0 0.513184 0.074219 0.012695 0.020833
0 0.533691 0.153646 0.020508 0.044271
0 0.476074 0.043620 0.016602 0.019531
0 0.552734 0.164714 0.037109 0.071615
0 0.566406 0.148438 0.044922 0.078125
0 0.613281 0.193359 0.033203 0.061198
0 0.660156 0.168620 0.039062 0.061198
0 0.720215 0.147786 0.049805 0.084635
0 0.770508 0.164714 0.035156 0.063802
0 0.837891 0.139974 0.048828 0.082031
0 0.916016 0.149740 0.042969 0.070312
0 0.978027 0.160807 0.043945 0.063802
0 0.620605 0.058594 0.010742 0.013021
0 0.637695 0.079427 0.011719 0.018229
0 0.690430 0.094401 0.011719 0.016927
0 0.809082 0.094401 0.010742 0.014323