0 0.017578 0.397511 0.017578 0.033675
0 0.071289 0.384334 0.023438 0.042460
0 0.067383 0.484627 0.025391 0.046852
0 0.099609 0.486823 0.021484 0.042460
0 0.130371 0.439239 0.026367 0.049780
0 0.149902 0.481698 0.028320 0.043924
0 0.199707 0.449488 0.024414 0.049780
0 0.239746 0.471449 0.028320 0.055637
0 0.093750 0.390922 0.011719 0.026354
0 0.105957 0.409956 0.016602 0.032211
0 0.132812 0.396047 0.019531 0.033675
0 0.166992 0.366764 0.021484 0.042460
0 0.200684 0.360176 0.022461 0.046852
0 0.235840 0.363836 0.020508 0.042460
0 0.006836 0.546852 0.011719 0.042460
0 0.312500 0.367496 0.027344 0.043924
0 0.304199 0.377745 0.016602 0.032211
0 0.347656 0.445827 0.029297 0.057101
0 0.377930 0.505124 0.019531 0.043924
0 0.419922 0.337482 0.029297 0.060029
0 0.473633 0.322108 0.027344 0.052709
0 0.499023 0.365300 0.025391 0.054173
0 0.510742 0.423865 0.027344 0.054173
0 0.520020 0.355051 0.022461 0.036603
0 0.681152 0.415081 0.036133 0.068814
0 0.729492 0.345534 0.037109 0.061493
0 0.717773 0.559297 0.035156 0.061493
0 0.756836 0.357980 0.021484 0.045388
0 0.778320 0.321376 0.027344 0.051245
0 0.815918 0.386530 0.024414 0.040996
0 0.537109 0.423865 0.025391 0.062958
0 0.840332 0.330161 0.032227 0.074671
0 0.909668 0.265739 0.040039 0.077599
0 0.817871 0.582723 0.034180 0.064422
0 0.899414 0.532943 0.031250 0.064422
0 0.952637 0.567350 0.032227 0.071742
0 0.987793 0.325769 0.024414 0.074671
0 0.542480 0.349927 0.014648 0.032211
0 0.183105 0.368228 0.016602 0.036603
0 0.650391 0.462665 0.013672 0.026354