0 0.025879 0.646701 0.012695 0.026042
0 0.069824 0.685764 0.010742 0.024306
0 0.063965 0.651042 0.010742 0.024306
0 0.074219 0.592882 0.011719 0.022569
0 0.071289 0.721354 0.011719 0.026042
0 0.115234 0.700521 0.011719 0.029514
0 0.020996 0.567708 0.010742 0.024306
0 0.107910 0.651042 0.010742 0.027778
0 0.117676 0.624132 0.010742 0.026042
0 0.132324 0.552083 0.010742 0.024306
0 0.146484 0.643229 0.011719 0.026042
0 0.137207 0.588542 0.010742 0.024306
0 0.173340 0.585069 0.010742 0.024306
0 0.174316 0.642361 0.010742 0.024306
0 0.187988 0.681424 0.012695 0.026042
0 0.214355 0.629340 0.010742 0.026042
0 0.042480 0.765625 0.012695 0.027778
0 0.100586 0.890625 0.011719 0.024306
0 0.088379 0.763021 0.012695 0.029514
0 0.023926 0.757812 0.012695 0.029514
0 0.214844 0.738715 0.011719 0.026042
0 0.028809 0.419271 0.010742 0.019097
0 0.020020 0.461806 0.010742 0.024306
0 0.064941 0.468750 0.010742 0.024306
0 0.118652 0.493924 0.010742 0.022569
0 0.149902 0.512153 0.010742 0.024306
0 0.116699 0.442708 0.010742 0.024306
0 0.105957 0.440104 0.010742 0.019097
0 0.109863 0.407118 0.010742 0.022569
0 0.165039 0.658854 0.011719 0.022569
0 0.195801 0.596354 0.010742 0.026042
0 0.232910 0.607639 0.010742 0.027778
0 0.255371 0.689236 0.010742 0.024306
0 0.286621 0.582465 0.010742 0.026042
0 0.173340 0.420139 0.010742 0.024306
0 0.197754 0.427083 0.010742 0.020833
0 0.194824 0.542535 0.010742 0.026042
0 0.218262 0.528646 0.010742 0.022569
0 0.252441 0.427083 0.010742 0.020833
0 0.234375 0.493056 0.011719 0.024306
0 0.255371 0.534722 0.010742 0.024306
0 0.268066 0.518229 0.010742 0.026042
0 0.272949 0.480035 0.010742 0.022569
0 0.227051 0.758681 0.012695 0.031250
0 0.314941 0.458333 0.010742 0.024306
0 0.298340 0.615451 0.010742 0.022569
0 0.317871 0.584201 0.010742 0.022569
0 0.339355 0.545139 0.010742 0.024306
0 0.361328 0.578993 0.011719 0.026042
0 0.335449 0.505208 0.010742 0.024306
0 0.369629 0.548611 0.010742 0.024306
0 0.389160 0.533854 0.010742 0.026042
0 0.392090 0.592882 0.010742 0.022569
0 0.400391 0.556424 0.011719 0.026042
0 0.425293 0.586806 0.010742 0.024306
0 0.425293 0.561632 0.010742 0.022569
0 0.336914 0.685764 0.011719 0.020833
0 0.337891 0.744792 0.011719 0.027778
0 0.390137 0.655382 0.010742 0.026042
0 0.390625 0.637153 0.011719 0.024306
0 0.430664 0.687500 0.011719 0.027778
0 0.317871 0.631944 0.012695 0.027778
0 0.300781 0.663194 0.011719 0.024306
0 0.375488 0.389757 0.010742 0.026042
0 0.433594 0.421007 0.011719 0.022569
0 0.409668 0.488715 0.010742 0.026042
0 0.447754 0.486979 0.010742 0.026042
0 0.450684 0.559896 0.010742 0.022569
0 0.474121 0.578993 0.010742 0.026042
0 0.484863 0.529514 0.010742 0.024306
0 0.547363 0.546875 0.010742 0.024306
0 0.571777 0.382812 0.010742 0.022569
0 0.588379 0.413194 0.010742 0.024306
0 0.600098 0.447917 0.010742 0.024306
0 0.637695 0.561632 0.011719 0.026042
0 0.670410 0.429688 0.010742 0.022569
0 0.658691 0.555556 0.010742 0.024306
0 0.739746 0.421007 0.010742 0.022569
0 0.761230 0.467882 0.010742 0.022569
0 0.738770 0.458333 0.010742 0.024306
0 0.805176 0.440972 0.010742 0.020833
0 0.459473 0.686632 0.012695 0.026042
0 0.695801 0.588542 0.010742 0.020833
0 0.809082 0.554688 0.010742 0.022569
0 0.948242 0.643229 0.011719 0.026042
0 0.880371 0.619792 0.010742 0.024306
0 0.935059 0.559896 0.012695 0.022569
0 0.850098 0.565972 0.010742 0.024306
0 0.829102 0.599826 0.011719 0.026042
0 0.826172 0.635417 0.011719 0.027778
0 0.793945 0.571181 0.011719 0.024306
0 0.780273 0.634549 0.011719 0.022569
0 0.782715 0.590278 0.010742 0.024306
0 0.989258 0.638889 0.011719 0.024306
0 0.961426 0.670139 0.010742 0.020833
0 0.719727 0.619792 0.013672 0.027778
0 0.737305 0.661458 0.011719 0.027778
0 0.722168 0.684028 0.010742 0.024306
0 0.776855 0.703993 0.012695 0.026042
0 0.910156 0.671875 0.011719 0.027778
0 0.882324 0.689236 0.010742 0.024306
0 0.822754 0.688368 0.010742 0.026042
0 0.871582 0.651042 0.010742 0.027778
0 0.232422 0.653646 0.011719 0.019097
0 0.958496 0.703125 0.010742 0.020833