0 0.893066 0.238710 0.043945 0.087097
0 0.988281 0.346774 0.023438 0.080645
0 0.758301 0.512903 0.026367 0.061290
0 0.807129 0.465323 0.022461 0.053226
0 0.713867 0.447581 0.019531 0.046774
0 0.758789 0.445968 0.019531 0.050000
0 0.701172 0.404839 0.021484 0.045161
0 0.403320 0.474194 0.027344 0.061290
0 0.425293 0.369355 0.018555 0.045161
0 0.430176 0.251613 0.022461 0.048387
0 0.315430 0.473387 0.027344 0.059677
0 0.343750 0.424194 0.023438 0.048387
0 0.324707 0.366129 0.020508 0.048387
0 0.280273 0.370161 0.017578 0.040323
0 0.367676 0.269355 0.020508 0.045161
0 0.220215 0.496774 0.026367 0.048387
0 0.231934 0.417742 0.020508 0.045161
0 0.185547 0.346774 0.021484 0.041935
0 0.067871 0.300806 0.055664 0.101613
0 0.152832 0.110484 0.014648 0.033871
0 0.183594 0.178226 0.017578 0.037097
0 0.103516 0.179032 0.017578 0.035484
0 0.115723 0.113710 0.016602 0.027419
0 0.719727 0.309677 0.017578 0.032258
0 0.570801 0.275806 0.055664 0.119355
0 0.677246 0.499194 0.024414 0.059677
0 0.797852 0.381452 0.027344 0.024194