0 0.027344 0.634956 0.011719 0.028024
0 0.039551 0.619469 0.010742 0.017699
0 0.063477 0.634218 0.011719 0.026549
0 0.101562 0.633481 0.011719 0.022124
0 0.140625 0.629056 0.011719 0.022124
0 0.178711 0.623894 0.011719 0.023599
0 0.218750 0.625369 0.011719 0.023599
0 0.258789 0.626106 0.011719 0.025074
0 0.292969 0.623156 0.011719 0.028024
0 0.323730 0.618732 0.010742 0.025074
0 0.363281 0.621681 0.011719 0.028024
0 0.400391 0.618732 0.011719 0.022124
0 0.437012 0.626844 0.010742 0.023599
0 0.473145 0.626844 0.010742 0.020649
0 0.514648 0.626844 0.011719 0.026549
0 0.549805 0.622419 0.011719 0.023599
0 0.589844 0.624631 0.011719 0.025074
0 0.628906 0.628319 0.013672 0.023599
0 0.669922 0.631268 0.013672 0.026549
0 0.701660 0.634218 0.010742 0.017699
0 0.716797 0.627581 0.011719 0.022124
0 0.759277 0.629056 0.012695 0.025074
0 0.793945 0.629794 0.011719 0.026549
0 0.838379 0.626106 0.010742 0.025074
0 0.862305 0.603245 0.011719 0.023599
0 0.890137 0.623894 0.012695 0.026549
0 0.954590 0.606932 0.010742 0.025074
0 0.981934 0.626844 0.012695 0.023599