0 0.271484 0.321586 0.017578 0.038179
0 0.189941 0.433921 0.020508 0.042584
0 0.260254 0.424376 0.020508 0.044053
0 0.328613 0.331131 0.018555 0.036711
0 0.409180 0.330396 0.019531 0.038179
0 0.433105 0.458150 0.018555 0.035242
0 0.372559 0.480176 0.018555 0.035242
0 0.317871 0.473568 0.016602 0.039648
0 0.814453 0.431718 0.021484 0.041116
0 0.751953 0.439060 0.019531 0.041116
0 0.708984 0.454479 0.017578 0.039648
0 0.650391 0.467695 0.017578 0.036711
0 0.602539 0.440529 0.017578 0.038179
0 0.540039 0.466226 0.017578 0.036711
0 0.487305 0.450808 0.017578 0.038179
0 0.738281 0.297357 0.017578 0.039648
0 0.676758 0.315712 0.019531 0.035242
0 0.617676 0.328928 0.016602 0.041116
0 0.537598 0.339941 0.018555 0.036711
0 0.478027 0.343612 0.016602 0.032305