0 0.142090 0.195015 0.038086 0.058651
0 0.197754 0.212610 0.020508 0.055718
0 0.230957 0.210411 0.022461 0.054252
0 0.276367 0.247067 0.011719 0.033724
0 0.453613 0.175220 0.043945 0.063050
0 0.508301 0.200147 0.016602 0.045455
0 0.520508 0.192082 0.017578 0.043988
0 0.561523 0.213343 0.013672 0.033724
0 0.591797 0.260264 0.033203 0.057185
0 0.771973 0.206745 0.045898 0.067449
0 0.880859 0.252199 0.039062 0.058651
0 0.945312 0.207478 0.033203 0.048387
0 0.975586 0.203079 0.019531 0.027859
0 0.048340 0.223607 0.014648 0.027859
0 0.039062 0.219941 0.011719 0.026393
0 0.330078 0.258798 0.025391 0.045455