0 0.920410 0.356120 0.024414 0.037760
0 0.948730 0.319661 0.012695 0.022135
0 0.873047 0.287760 0.015625 0.023438
0 0.921387 0.235677 0.010742 0.015625
0 0.914551 0.160156 0.012695 0.020833
0 0.856934 0.231120 0.014648 0.022135
0 0.830078 0.279297 0.015625 0.032552
0 0.806152 0.345703 0.022461 0.032552
0 0.845703 0.460938 0.021484 0.033854
0 0.751953 0.414714 0.017578 0.029948
0 0.729980 0.454427 0.014648 0.026042
0 0.736816 0.322917 0.014648 0.028646
0 0.773438 0.308594 0.013672 0.026042
0 0.717285 0.160807 0.014648 0.022135
0 0.765137 0.176432 0.012695 0.014323
0 0.633789 0.371094 0.021484 0.039062
0 0.527832 0.426432 0.022461 0.035156
0 0.471191 0.342448 0.024414 0.039062
0 0.465820 0.272135 0.019531 0.028646
0 0.415039 0.323568 0.019531 0.032552
0 0.419922 0.271484 0.019531 0.029948
0 0.417969 0.245443 0.013672 0.022135
0 0.384766 0.238932 0.015625 0.024740
0 0.353027 0.320312 0.020508 0.033854
0 0.332520 0.248698 0.012695 0.020833
0 0.538574 0.175130 0.012695 0.024740
0 0.521973 0.147786 0.014648 0.022135
0 0.407227 0.145182 0.015625 0.019531
0 0.574219 0.251953 0.013672 0.022135
0 0.258789 0.149740 0.013672 0.023438
0 0.213379 0.134766 0.014648 0.022135
0 0.190918 0.281250 0.018555 0.028646
0 0.208984 0.255859 0.011719 0.019531
0 0.280762 0.276042 0.020508 0.031250
0 0.266602 0.352214 0.023438 0.035156
0 0.259277 0.311198 0.016602 0.028646
0 0.163086 0.439453 0.025391 0.032552
0 0.100098 0.295573 0.026367 0.039062
0 0.028320 0.484375 0.027344 0.039062
0 0.032715 0.267578 0.022461 0.035156
0 0.059570 0.129557 0.015625 0.024740
0 0.015625 0.156901 0.011719 0.016927
0 0.217285 0.213542 0.012695 0.020833