0 0.107422 0.317862 0.015625 0.028129
0 0.074219 0.275668 0.013672 0.019691
0 0.129395 0.299578 0.010742 0.014065
0 0.173340 0.267932 0.012695 0.021097
0 0.218262 0.277075 0.012695 0.016878
0 0.286133 0.293952 0.015625 0.025316
0 0.110840 0.398031 0.045898 0.056259
0 0.223633 0.334740 0.046875 0.045007
0 0.338867 0.329114 0.050781 0.056259
0 0.447754 0.348101 0.040039 0.066104
0 0.544922 0.324895 0.041016 0.070323
0 0.679688 0.334740 0.031250 0.059072
0 0.771484 0.367792 0.044922 0.077356
0 0.899414 0.351617 0.042969 0.039381
0 0.812988 0.309423 0.016602 0.019691
0 0.839844 0.298875 0.013672 0.021097
0 0.952148 0.297468 0.017578 0.026723
0 0.043945 0.317159 0.042969 0.046414
0 0.049316 0.286920 0.014648 0.016878
0 0.386230 0.286920 0.020508 0.030942
0 0.405273 0.289030 0.019531 0.026723
0 0.248047 0.297468 0.021484 0.026723