0 0.350098 0.566257 0.024414 0.045082
0 0.427734 0.562158 0.025391 0.045082
0 0.535156 0.530055 0.023438 0.030055
0 0.561523 0.562842 0.021484 0.038251
0 0.621094 0.557377 0.023438 0.040984
0 0.677734 0.586066 0.023438 0.043716
0 0.721191 0.562842 0.020508 0.038251
0 0.777344 0.533470 0.025391 0.042350
0 0.733398 0.700820 0.025391 0.038251
0 0.636719 0.726093 0.025391 0.045082
0 0.554688 0.719262 0.023438 0.042350
0 0.470703 0.728825 0.023438 0.045082
0 0.380859 0.730874 0.023438 0.035519
0 0.290527 0.723361 0.026367 0.045082
0 0.177246 0.720628 0.028320 0.042350
0 0.419434 0.379098 0.018555 0.034153
0 0.478516 0.381148 0.019531 0.030055
0 0.371094 0.306011 0.017578 0.024590
0 0.417480 0.314891 0.016602 0.025956
0 0.458496 0.314891 0.018555 0.028689
0 0.498047 0.306011 0.015625 0.030055
0 0.534180 0.308060 0.015625 0.028689
0 0.573242 0.312842 0.015625 0.027322
0 0.647461 0.316257 0.017578 0.028689
0 0.479980 0.346995 0.020508 0.032787
0 0.540039 0.345628 0.017578 0.032787
0 0.581055 0.338115 0.017578 0.028689
0 0.623047 0.342213 0.017578 0.031421
0 0.417969 0.349727 0.019531 0.027322
0 0.235840 0.303962 0.018555 0.031421
0 0.282715 0.303279 0.018555 0.032787
0 0.324219 0.314208 0.019531 0.035519
0 0.300781 0.568989 0.023438 0.036885
0 0.233398 0.566940 0.021484 0.035519
0 0.185059 0.568306 0.022461 0.040984
0 0.232422 0.481557 0.021484 0.039617
0 0.309570 0.500000 0.023438 0.040984
0 0.388184 0.517760 0.022461 0.035519
0 0.492676 0.524590 0.022461 0.038251
0 0.646484 0.505464 0.023438 0.035519
0 0.730957 0.454235 0.020508 0.036885
0 0.316895 0.446721 0.020508 0.035519
0 0.389160 0.444672 0.020508 0.036885
0 0.456055 0.443989 0.017578 0.038251
0 0.477051 0.428962 0.020508 0.035519
0 0.514160 0.455601 0.020508 0.034153
0 0.586914 0.444672 0.023438 0.039617
0 0.614258 0.418033 0.019531 0.032787
0 0.657227 0.424863 0.023438 0.038251
0 0.698242 0.380464 0.017578 0.028689
0 0.683105 0.344945 0.016602 0.028689
0 0.639160 0.375683 0.016602 0.032787
0 0.579590 0.368852 0.018555 0.032787
0 0.542480 0.409153 0.020508 0.034153
0 0.528809 0.383880 0.018555 0.032787
0 0.406738 0.425546 0.020508 0.036885
0 0.359375 0.389344 0.019531 0.032787
0 0.300293 0.386612 0.020508 0.035519
0 0.243652 0.446721 0.020508 0.035519
0 0.238770 0.406421 0.018555 0.034153
0 0.256348 0.338115 0.016602 0.034153
0 0.301270 0.351776 0.020508 0.028689
0 0.362793 0.344262 0.018555 0.032787