0 0.040527 0.485423 0.024414 0.043732
0 0.115723 0.467201 0.018555 0.036443
0 0.162109 0.463557 0.019531 0.043732
0 0.209473 0.456997 0.016602 0.042274
0 0.299805 0.483965 0.015625 0.034985
0 0.106934 0.599854 0.010742 0.030612
0 0.103516 0.568513 0.015625 0.034985
0 0.092773 0.483965 0.015625 0.026239
0 0.071289 0.470845 0.013672 0.023324
0 0.313477 0.592566 0.019531 0.033528
0 0.365234 0.594023 0.017578 0.036443
0 0.533691 0.521137 0.026367 0.051020
0 0.613281 0.627551 0.015625 0.030612
0 0.359863 0.478863 0.018555 0.033528
0 0.382324 0.481050 0.020508 0.040816
0 0.404785 0.491254 0.016602 0.034985
0 0.442871 0.473761 0.014648 0.029155
0 0.412109 0.465743 0.017578 0.027697
0 0.418457 0.439504 0.014648 0.027697
0 0.332031 0.480321 0.013672 0.027697
0 0.321289 0.483236 0.011719 0.024781
0 0.374512 0.458455 0.012695 0.021866
0 0.478027 0.472303 0.016602 0.029155
0 0.494629 0.446793 0.016602 0.033528
0 0.504395 0.393586 0.012695 0.023324
0 0.483398 0.518222 0.027344 0.039359
0 0.553711 0.500000 0.017578 0.034985
0 0.778320 0.504373 0.017578 0.037901
0 0.758789 0.491983 0.015625 0.030612
0 0.758789 0.437318 0.015625 0.029155
0 0.818848 0.520408 0.018555 0.026239
0 0.852539 0.498542 0.013672 0.026239
0 0.858398 0.450437 0.015625 0.032070
0 0.832520 0.462828 0.012695 0.021866
0 0.907715 0.491983 0.012695 0.027697
0 0.291992 0.479592 0.011719 0.026239
0 0.434082 0.594752 0.018555 0.029155
0 0.939941 0.580904 0.012695 0.018950
0 0.986328 0.488338 0.015625 0.026239