0 0.809082 0.386364 0.040039 0.080645
0 0.925781 0.359971 0.039062 0.077713
0 0.983887 0.338710 0.012695 0.029326
0 0.591797 0.212610 0.052734 0.090909
0 0.648438 0.104839 0.027344 0.051320
0 0.465332 0.187683 0.045898 0.090909
0 0.352539 0.186217 0.042969 0.076246
0 0.311035 0.183284 0.040039 0.067449
0 0.283691 0.167155 0.034180 0.058651
0 0.426270 0.112170 0.022461 0.042522
0 0.380371 0.103372 0.016602 0.030792
0 0.318848 0.089443 0.024414 0.032258
0 0.124023 0.118768 0.025391 0.046921
0 0.855469 0.099707 0.023438 0.041056
0 0.800781 0.104839 0.025391 0.063050
0 0.705078 0.126833 0.023438 0.060117
0 0.773926 0.021994 0.022461 0.032258
0 0.173340 0.673754 0.059570 0.121701
0 0.093262 0.573314 0.055664 0.105572
0 0.218750 0.525660 0.039062 0.074780
0 0.359375 0.603372 0.046875 0.107038
0 0.402344 0.719941 0.037109 0.067449
0 0.403809 0.568915 0.028320 0.055718
0 0.236328 0.507331 0.027344 0.061584
0 0.539062 0.559384 0.027344 0.051320
0 0.638184 0.560850 0.018555 0.036657
0 0.662109 0.502199 0.017578 0.030792
0 0.599121 0.531525 0.014648 0.021994
0 0.496094 0.516129 0.013672 0.026393
0 0.526855 0.510264 0.014648 0.026393
0 0.689941 0.711877 0.012695 0.027859
0 0.719238 0.750733 0.022461 0.055718
0 0.786133 0.739736 0.023438 0.054252
0 0.867676 0.713343 0.028320 0.054252
0 0.824219 0.667889 0.025391 0.045455
0 0.798340 0.693548 0.014648 0.038123
0 0.791016 0.685484 0.013672 0.036657
0 0.714844 0.674487 0.013672 0.038123
0 0.836426 0.434751 0.014648 0.021994
0 0.950684 0.695748 0.018555 0.042522
0 0.937988 0.696481 0.014648 0.035191
0 0.951660 0.653226 0.018555 0.033724
0 0.985352 0.013196 0.019531 0.026393
0 0.246094 0.116569 0.017578 0.027859
0 0.391602 0.086510 0.017578 0.023460