0 0.360352 0.595052 0.021484 0.028646
0 0.295410 0.620443 0.018555 0.032552
0 0.054199 0.671224 0.012695 0.019531
0 0.900879 0.611328 0.012695 0.022135
0 0.898926 0.577474 0.010742 0.016927
0 0.952148 0.606771 0.011719 0.020833
0 0.966797 0.686198 0.011719 0.020833
0 0.978027 0.651693 0.010742 0.016927
0 0.993652 0.625000 0.012695 0.018229
0 0.868164 0.714193 0.015625 0.024740
0 0.924316 0.715495 0.012695 0.022135
0 0.973633 0.626953 0.011719 0.022135
0 0.924316 0.691406 0.010742 0.015625
0 0.633789 0.611979 0.011719 0.015625
0 0.687500 0.587240 0.013672 0.028646
0 0.548340 0.602214 0.018555 0.032552
0 0.944824 0.710286 0.010742 0.022135