0 0.812500 0.516129 0.017578 0.029326
0 0.895020 0.619501 0.016602 0.030792
0 0.855957 0.750000 0.022461 0.039589
0 0.927246 0.428152 0.014648 0.032258
0 0.611816 0.554252 0.010742 0.029326
0 0.775391 0.492669 0.011719 0.023460
0 0.736816 0.430352 0.012695 0.024927
0 0.686523 0.247067 0.013672 0.021994
0 0.796387 0.185484 0.012695 0.021994
0 0.837402 0.255865 0.012695 0.019062
0 0.992676 0.273460 0.012695 0.021994
0 0.612305 0.368768 0.013672 0.024927
0 0.506836 0.224340 0.013672 0.023460
0 0.581055 0.227273 0.013672 0.029326
0 0.389160 0.402493 0.012695 0.027859
0 0.413574 0.560850 0.014648 0.024927
0 0.571777 0.720674 0.020508 0.036657
0 0.321777 0.469208 0.018555 0.026393
0 0.212891 0.531525 0.021484 0.033724
0 0.242676 0.752199 0.022461 0.043988
0 0.286133 0.842375 0.025391 0.045455
0 0.181641 0.423021 0.017578 0.030792
0 0.113281 0.472141 0.019531 0.026393
0 0.135742 0.398094 0.013672 0.027859
0 0.050781 0.453079 0.015625 0.026393
0 0.039062 0.285924 0.013672 0.026393
0 0.090332 0.203812 0.012695 0.029326
0 0.194824 0.243402 0.014648 0.020528
0 0.061035 0.368035 0.014648 0.023460
0 0.483398 0.499267 0.011719 0.016129
0 0.312012 0.417155 0.012695 0.027859
0 0.095215 0.284457 0.010742 0.020528