0 0.218262 0.334201 0.028320 0.057292
0 0.253906 0.296007 0.033203 0.067708
0 0.158691 0.145833 0.010742 0.020833
0 0.186035 0.376736 0.010742 0.024306
0 0.381348 0.429688 0.010742 0.029514
0 0.471191 0.321181 0.036133 0.062500
0 0.630859 0.388021 0.031250 0.064236
0 0.668457 0.397569 0.032227 0.059028
0 0.895508 0.372396 0.033203 0.071181
0 0.873535 0.395833 0.020508 0.045139
0 0.746094 0.292535 0.011719 0.029514
0 0.361328 0.369792 0.015625 0.041667
0 0.577148 0.487847 0.013672 0.027778
0 0.779785 0.333333 0.010742 0.027778
0 0.518066 0.212674 0.010742 0.019097
0 0.610840 0.226562 0.010742 0.039931
0 0.581543 0.245660 0.014648 0.032986
0 0.632812 0.221354 0.013672 0.043403
0 0.384766 0.283854 0.011719 0.022569
0 0.925781 0.274306 0.013672 0.031250
0 0.926270 0.354167 0.010742 0.027778
0 0.975098 0.433160 0.012695 0.026042
0 0.968262 0.393229 0.010742 0.022569
0 0.968750 0.354167 0.011719 0.027778
0 0.783203 0.250868 0.011719 0.032986
0 0.677246 0.216146 0.012695 0.026042
0 0.583984 0.182292 0.011719 0.031250
0 0.011230 0.304688 0.018555 0.060764