0 0.895508 0.391496 0.031250 0.061584
0 0.765625 0.376833 0.019531 0.041056
0 0.595703 0.406891 0.029297 0.060117
0 0.838379 0.419355 0.012695 0.026393
0 0.497559 0.415689 0.016602 0.036657
0 0.383789 0.376833 0.027344 0.049853
0 0.279297 0.395894 0.023438 0.041056
0 0.504395 0.389296 0.012695 0.021994
0 0.104004 0.354106 0.014648 0.027859
0 0.157715 0.362170 0.010742 0.023460
0 0.160645 0.388563 0.014648 0.026393
0 0.005859 0.362903 0.011719 0.027859
0 0.050781 0.367302 0.011719 0.021994
0 0.077637 0.368768 0.010742 0.021994
0 0.218262 0.356305 0.010742 0.023460
0 0.366211 0.390029 0.011719 0.020528