0 0.948242 0.049356 0.015625 0.027182
0 0.915527 0.026466 0.014648 0.032904
0 0.963379 0.123033 0.028320 0.045780
0 0.887695 0.019313 0.013672 0.024320
0 0.901855 0.012876 0.010742 0.025751
0 0.850098 0.062232 0.010742 0.024320
0 0.805176 0.060086 0.010742 0.020029
0 0.775879 0.086552 0.012695 0.021459
0 0.982910 0.215308 0.032227 0.067239
0 0.917969 0.182403 0.017578 0.032904
0 0.945312 0.246066 0.039062 0.048641
0 0.851562 0.190987 0.017578 0.032904
0 0.803711 0.193133 0.017578 0.025751
0 0.784180 0.192418 0.015625 0.024320
0 0.798340 0.243920 0.032227 0.058655
0 0.774902 0.240343 0.022461 0.051502
0 0.757324 0.241059 0.018555 0.035765
0 0.631348 0.148069 0.016602 0.035765
0 0.612793 0.148069 0.010742 0.021459
0 0.631348 0.189557 0.018555 0.035765
0 0.607910 0.235336 0.016602 0.032904
0 0.636230 0.269671 0.020508 0.038627
0 0.678711 0.243205 0.017578 0.025751
0 0.702637 0.253934 0.030273 0.047210
0 0.779297 0.331187 0.044922 0.090129
0 0.922852 0.326180 0.033203 0.080114
0 0.871094 0.269671 0.037109 0.061516
0 0.990723 0.332618 0.018555 0.095851
0 0.719727 0.574392 0.050781 0.190272
0 0.530762 0.142346 0.010742 0.015737
0 0.545898 0.216023 0.019531 0.037196
0 0.576172 0.254649 0.021484 0.037196
0 0.576172 0.330472 0.027344 0.042918
0 0.565918 0.486409 0.030273 0.077253
0 0.422363 0.485694 0.036133 0.064378
0 0.524902 0.474964 0.036133 0.051502
0 0.291504 0.432046 0.034180 0.065808
0 0.277344 0.394850 0.023438 0.037196
0 0.134766 0.379113 0.019531 0.028612
0 0.228027 0.422747 0.067383 0.124464
0 0.116699 0.496423 0.055664 0.077253
0 0.347656 0.413448 0.021484 0.054363
0 0.011230 0.173104 0.012695 0.022890
0 0.088379 0.413448 0.010742 0.037196