0 0.244141 0.488263 0.025391 0.040689
0 0.180176 0.553208 0.024414 0.042254
0 0.132812 0.564945 0.027344 0.046948
0 0.169434 0.437402 0.020508 0.039124
0 0.124023 0.427230 0.013672 0.028169
0 0.186035 0.409233 0.016602 0.032864
0 0.295410 0.393584 0.018555 0.032864
0 0.247559 0.406886 0.016602 0.031299
0 0.199707 0.415493 0.012695 0.023474
0 0.063965 0.381847 0.016602 0.034429
0 0.076172 0.345853 0.011719 0.021909
0 0.078613 0.317684 0.010742 0.025039
0 0.123047 0.335681 0.011719 0.023474
0 0.137695 0.344288 0.011719 0.025039
0 0.146973 0.352895 0.010742 0.023474
0 0.181152 0.317684 0.010742 0.021909
0 0.191895 0.309077 0.010742 0.017214
0 0.311523 0.391236 0.013672 0.028169
0 0.329590 0.383412 0.012695 0.025039
0 0.374512 0.384977 0.010742 0.018779
0 0.389160 0.412363 0.012695 0.026604
0 0.420410 0.390454 0.014648 0.026604
0 0.438477 0.392801 0.015625 0.034429
0 0.459961 0.388106 0.011719 0.028169
0 0.458496 0.345070 0.010742 0.023474
0 0.400391 0.338811 0.011719 0.023474
0 0.229492 0.381064 0.011719 0.023474
0 0.248535 0.284820 0.010742 0.018779
0 0.321777 0.294210 0.010742 0.018779
0 0.344238 0.303599 0.010742 0.018779
0 0.479980 0.332551 0.010742 0.020344
0 0.486816 0.370892 0.012695 0.021909
0 0.494629 0.422535 0.014648 0.028169
0 0.531250 0.395931 0.013672 0.025039
0 0.523438 0.393584 0.011719 0.026604
0 0.554688 0.371674 0.011719 0.026604
0 0.579590 0.434272 0.016602 0.029734
0 0.621582 0.422535 0.016602 0.028169
0 0.660645 0.420970 0.014648 0.028169
0 0.593750 0.402973 0.011719 0.023474
0 0.569336 0.388106 0.013672 0.028169
0 0.581543 0.388106 0.010742 0.025039
0 0.628418 0.368545 0.012695 0.023474
0 0.663574 0.371674 0.012695 0.023474
0 0.692383 0.380282 0.013672 0.025039
0 0.717773 0.398279 0.013672 0.026604
0 0.737793 0.390454 0.012695 0.026604
0 0.757324 0.477308 0.014648 0.031299
0 0.763184 0.377152 0.010742 0.021909
0 0.679199 0.343505 0.012695 0.026604
0 0.604004 0.341158 0.014648 0.021909
0 0.780762 0.450704 0.016602 0.034429
0 0.810547 0.423318 0.013672 0.029734
0 0.827637 0.396714 0.014648 0.026604
0 0.850586 0.407668 0.013672 0.023474
0 0.884277 0.421753 0.016602 0.035994
0 0.925781 0.424100 0.013672 0.025039
0 0.957031 0.419405 0.013672 0.028169
0 0.987305 0.403756 0.011719 0.025039
0 0.893555 0.384977 0.011719 0.025039
0 0.875977 0.391236 0.011719 0.021909
0 0.911621 0.367762 0.012695 0.028169
0 0.300293 0.347418 0.012695 0.025039
0 0.577148 0.350548 0.011719 0.025039
0 0.783691 0.390454 0.010742 0.017214
0 0.355957 0.430360 0.012695 0.025039
0 0.351562 0.413146 0.011719 0.021909
0 0.794922 0.365415 0.011719 0.023474
0 0.716797 0.378717 0.011719 0.025039