0 0.857910 0.497399 0.012695 0.019506
0 0.842285 0.490247 0.012695 0.020806
0 0.814941 0.494148 0.010742 0.020806
0 0.955078 0.462939 0.011719 0.026008
0 0.980469 0.471391 0.011719 0.016905
0 0.916992 0.445384 0.011719 0.019506
0 0.948242 0.423277 0.011719 0.019506
0 0.986816 0.431730 0.012695 0.018205
0 0.878418 0.463589 0.012695 0.019506
0 0.841309 0.457737 0.010742 0.018205
0 0.736816 0.500650 0.012695 0.020806
0 0.764160 0.529259 0.012695 0.018205
0 0.804688 0.522107 0.013672 0.016905
0 0.746094 0.477893 0.011719 0.016905
0 0.652832 0.418726 0.010742 0.018205
0 0.577637 0.400520 0.012695 0.015605
0 0.727051 0.399220 0.012695 0.018205
0 0.771973 0.398570 0.012695 0.016905
0 0.592285 0.511053 0.012695 0.018205
0 0.646973 0.485046 0.012695 0.023407
0 0.558105 0.540312 0.014648 0.019506
0 0.604980 0.548765 0.012695 0.018205
0 0.632812 0.572822 0.013672 0.022107
0 0.617676 0.631990 0.012695 0.018205
0 0.641602 0.630039 0.011719 0.022107
0 0.674316 0.667100 0.010742 0.015605
0 0.695801 0.650195 0.010742 0.015605
0 0.679688 0.549415 0.011719 0.024707
0 0.695801 0.514954 0.010742 0.020806
0 0.618652 0.479844 0.010742 0.015605
0 0.578613 0.505202 0.010742 0.014304
0 0.574707 0.572822 0.012695 0.016905
0 0.554199 0.617685 0.010742 0.015605
0 0.866699 0.554616 0.012695 0.016905
0 0.787109 0.890117 0.017578 0.029909
0 0.306641 0.826398 0.011719 0.024707
0 0.369629 0.832250 0.012695 0.018205
0 0.407715 0.801691 0.012695 0.024707
0 0.514160 0.803641 0.012695 0.023407
0 0.267090 0.820546 0.012695 0.020806
0 0.272461 0.798440 0.011719 0.020806
0 0.259766 0.797789 0.011719 0.024707
0 0.198242 0.789337 0.011719 0.023407
0 0.179688 0.791287 0.013672 0.022107
0 0.188477 0.823147 0.011719 0.020806
0 0.131348 0.815345 0.010742 0.020806
0 0.085938 0.814694 0.011719 0.022107
0 0.071289 0.797139 0.011719 0.020806
0 0.411621 0.689857 0.012695 0.022107
0 0.448242 0.697009 0.013672 0.018205
0 0.484375 0.700260 0.013672 0.022107
0 0.505859 0.723667 0.011719 0.019506
0 0.530762 0.712614 0.010742 0.018205
0 0.513184 0.661248 0.012695 0.022107
0 0.480957 0.654746 0.012695 0.022107
0 0.378418 0.704811 0.010742 0.020806
0 0.371094 0.667100 0.011719 0.020806
0 0.273438 0.667750 0.011719 0.019506
0 0.258789 0.706762 0.011719 0.019506
0 0.206055 0.677503 0.011719 0.018205
0 0.120117 0.680104 0.011719 0.015605
0 0.089844 0.689207 0.011719 0.018205
0 0.178223 0.638492 0.012695 0.015605
0 0.198242 0.609883 0.011719 0.018205
0 0.250000 0.624187 0.011719 0.020806
0 0.295410 0.625488 0.010742 0.018205
0 0.287598 0.561118 0.012695 0.019506
0 0.748535 0.663849 0.014648 0.022107
0 0.816895 0.676203 0.012695 0.020806
0 0.895508 0.631339 0.013672 0.022107
0 0.960449 0.681404 0.014648 0.018205
0 0.671387 0.734720 0.014648 0.020806
0 0.694824 0.741873 0.010742 0.019506
0 0.831055 0.634590 0.013672 0.020806
0 0.879883 0.687256 0.015625 0.019506
0 0.884766 0.732120 0.015625 0.020806
0 0.834473 0.758127 0.014648 0.020806
0 0.757324 0.840702 0.012695 0.024707
0 0.843262 0.844603 0.014648 0.022107
0 0.950684 0.847854 0.012695 0.020806
0 0.981445 0.858257 0.011719 0.018205
0 0.558594 0.645644 0.011719 0.022107
0 0.609863 0.695709 0.012695 0.018205
0 0.665527 0.704811 0.010742 0.015605
0 0.718750 0.670351 0.013672 0.022107
0 0.811523 0.646294 0.013672 0.023407
0 0.861816 0.641092 0.012695 0.018205
0 0.651855 0.659298 0.012695 0.018205
0 0.617676 0.655397 0.012695 0.018205
0 0.587402 0.654746 0.012695 0.014304
0 0.571289 0.624837 0.011719 0.019506
0 0.729004 0.574772 0.012695 0.020806
0 0.800293 0.600130 0.012695 0.019506
0 0.850098 0.568921 0.012695 0.019506
0 0.923828 0.563069 0.013672 0.023407
0 0.964844 0.572822 0.011719 0.016905
0 0.987305 0.620936 0.013672 0.022107
0 0.937500 0.633940 0.011719 0.016905
0 0.958984 0.654096 0.013672 0.018205
0 0.958496 0.624837 0.010742 0.014304
0 0.987305 0.708713 0.015625 0.020806
0 0.771973 0.550715 0.014648 0.019506
0 0.875977 0.527308 0.013672 0.022107
0 0.906738 0.531860 0.012695 0.020806
0 0.943359 0.544863 0.011719 0.020806
0 0.968750 0.546814 0.013672 0.016905
0 0.906250 0.481144 0.013672 0.028609
0 0.944336 0.501951 0.013672 0.026008
0 0.990723 0.495449 0.012695 0.020806
0 0.919922 0.704811 0.013672 0.020806
0 0.926270 0.728869 0.010742 0.024707
0 0.960449 0.750325 0.010742 0.015605
0 0.774902 0.804291 0.012695 0.019506
0 0.761719 0.745774 0.013672 0.024707
0 0.750977 0.715865 0.011719 0.019506
0 0.783203 0.696359 0.011719 0.016905
0 0.673340 0.340052 0.010742 0.019506
0 0.747559 0.342653 0.010742 0.019506
0 0.789062 0.337451 0.011719 0.022107
0 0.914062 0.288036 0.011719 0.019506
0 0.975586 0.282835 0.011719 0.016905
0 0.839355 0.269181 0.010742 0.018205
0 0.822754 0.339402 0.010742 0.015605
0 0.629395 0.342003 0.012695 0.023407
0 0.582520 0.362159 0.012695 0.022107
0 0.508789 0.395319 0.011719 0.015605
0 0.488770 0.446684 0.010742 0.019506
0 0.446289 0.408322 0.011719 0.020806
0 0.431152 0.347854 0.010742 0.016905
0 0.486328 0.268531 0.011719 0.019506
0 0.518555 0.314694 0.011719 0.015605
0 0.611328 0.321196 0.011719 0.018205
0 0.728027 0.304941 0.010742 0.019506
0 0.749023 0.325748 0.011719 0.022107
0 0.806641 0.295839 0.011719 0.019506
0 0.762695 0.304941 0.011719 0.019506
0 0.722656 0.267230 0.011719 0.016905
0 0.787109 0.263329 0.013672 0.019506
0 0.851074 0.238622 0.010742 0.019506
0 0.922852 0.265280 0.011719 0.020806
0 0.957520 0.232120 0.010742 0.019506
0 0.927734 0.224317 0.011719 0.019506
0 0.667969 0.291287 0.011719 0.020806
0 0.692871 0.282835 0.010742 0.019506
0 0.686035 0.308843 0.010742 0.016905
0 0.587402 0.271782 0.010742 0.015605
0 0.649414 0.263979 0.011719 0.018205
0 0.629395 0.187906 0.012695 0.019506
0 0.669922 0.196359 0.011719 0.020806
0 0.704590 0.193758 0.012695 0.023407
0 0.806152 0.186606 0.010742 0.016905
0 0.890137 0.178153 0.012695 0.023407
0 0.491211 0.164499 0.011719 0.016905
0 0.476074 0.150845 0.010742 0.020806
0 0.607422 0.163849 0.011719 0.015605
0 0.585449 0.197659 0.010742 0.015605
0 0.596680 0.173602 0.011719 0.022107
0 0.746094 0.230169 0.011719 0.018205
0 0.886230 0.248375 0.010742 0.013004
0 0.277344 0.150845 0.011719 0.015605
0 0.234863 0.167100 0.010742 0.014304
0 0.191895 0.137841 0.010742 0.015605
0 0.071289 0.151495 0.011719 0.016905
0 0.165039 0.153446 0.011719 0.015605
0 0.222168 0.132640 0.010742 0.018205
0 0.354004 0.149545 0.010742 0.015605
0 0.230469 0.531860 0.011719 0.020806
0 0.281250 0.529259 0.013672 0.020806
0 0.367676 0.628088 0.010742 0.018205
0 0.456055 0.607932 0.011719 0.019506
0 0.509277 0.616385 0.012695 0.018205
0 0.515625 0.578674 0.011719 0.018205
0 0.507324 0.560468 0.010742 0.018205
0 0.466309 0.535761 0.010742 0.015605
0 0.405762 0.525358 0.010742 0.018205
0 0.315430 0.514954 0.011719 0.020806
0 0.020996 0.854356 0.012695 0.020806
0 0.141113 0.780234 0.010742 0.015605
0 0.166504 0.758778 0.010742 0.016905
0 0.042480 0.786086 0.010742 0.016905
0 0.204590 0.665150 0.012695 0.019506
0 0.394531 0.604031 0.011719 0.022107
0 0.360840 0.602731 0.010742 0.019506
0 0.510742 0.698309 0.013672 0.018205
0 0.470703 0.611834 0.011719 0.022107
0 0.339355 0.551365 0.012695 0.020806
0 0.388184 0.016905 0.010742 0.018205
0 0.909668 0.049415 0.010742 0.015605
0 0.802734 0.034460 0.011719 0.019506
0 0.790527 0.047464 0.010742 0.019506
0 0.820801 0.048765 0.010742 0.016905
0 0.701660 0.055917 0.010742 0.018205
0 0.650879 0.027308 0.010742 0.018205
0 0.304688 0.501300 0.011719 0.019506
0 0.404297 0.455137 0.011719 0.018205
0 0.419434 0.451886 0.010742 0.016905
0 0.408203 0.364759 0.011719 0.016905
0 0.302734 0.657997 0.011719 0.018205
0 0.919434 0.345904 0.010742 0.015605
0 0.433105 0.912224 0.010742 0.027308
0 0.765625 0.503901 0.011719 0.014304
0 0.737793 0.810793 0.010742 0.022107
0 0.414551 0.570871 0.010742 0.023407
0 0.719727 0.341352 0.011719 0.022107
0 0.119629 0.753576 0.012695 0.019506
0 0.152344 0.678153 0.011719 0.016905
0 0.862305 0.660598 0.011719 0.020806
0 0.943359 0.191808 0.011719 0.016905