0 0.553711 0.460286 0.013672 0.019531
0 0.617676 0.437500 0.010742 0.020833
0 0.647461 0.459635 0.011719 0.020833
0 0.730957 0.465495 0.010742 0.014323
0 0.770996 0.692708 0.020508 0.031250
0 0.709473 0.712891 0.014648 0.029948
0 0.683594 0.645833 0.013672 0.023438
0 0.753418 0.874349 0.032227 0.084635
0 0.551758 0.678385 0.015625 0.033854
0 0.643066 0.680339 0.016602 0.032552
0 0.963379 0.628906 0.010742 0.018229
0 0.991211 0.735677 0.015625 0.039062
0 0.794434 0.681641 0.018555 0.029948
0 0.104980 0.600260 0.010742 0.015625
0 0.164062 0.586589 0.011719 0.014323
0 0.165039 0.477865 0.011719 0.020833
0 0.091309 0.485026 0.010742 0.014323
0 0.221680 0.559896 0.011719 0.013021
0 0.141602 0.578776 0.011719 0.016927
0 0.372559 0.827474 0.024414 0.037760