0 0.334473 0.114400 0.014648 0.030400
0 0.374023 0.163200 0.013672 0.028800
0 0.404785 0.235200 0.014648 0.032000
0 0.400879 0.098400 0.012695 0.027200
0 0.319824 0.107200 0.012695 0.025600
0 0.295898 0.168800 0.015625 0.030400
0 0.273438 0.100800 0.013672 0.028800
0 0.206543 0.095200 0.012695 0.027200
0 0.228516 0.123200 0.013672 0.028800
0 0.213379 0.191200 0.014648 0.030400
0 0.311035 0.249600 0.014648 0.032000
0 0.357910 0.341600 0.018555 0.036800
0 0.291016 0.341600 0.017578 0.036800
0 0.233887 0.337600 0.018555 0.035200
0 0.414062 0.123200 0.013672 0.022400
0 0.588379 0.243200 0.014648 0.032000
0 0.535156 0.156000 0.013672 0.027200
0 0.596191 0.100000 0.010742 0.027200
0 0.581055 0.120800 0.013672 0.027200
0 0.538574 0.092000 0.010742 0.020800
0 0.496094 0.119200 0.013672 0.030400
0 0.492188 0.220000 0.015625 0.030400
0 0.451172 0.156800 0.013672 0.028800
0 0.456543 0.094400 0.012695 0.028800
0 0.556152 0.327200 0.016602 0.036800
0 0.491699 0.305600 0.018555 0.041600
0 0.769043 0.157600 0.014648 0.030400
0 0.740234 0.077600 0.011719 0.027200
0 0.725586 0.117600 0.011719 0.027200
0 0.698242 0.088800 0.011719 0.027200
0 0.646484 0.089600 0.011719 0.028800
0 0.657227 0.121600 0.013672 0.032000
0 0.694824 0.163200 0.014648 0.032000
0 0.683105 0.232000 0.018555 0.038400
0 0.621582 0.152800 0.016602 0.033600
0 0.793457 0.413600 0.016602 0.036800
0 0.800293 0.348800 0.016602 0.038400
0 0.738281 0.346400 0.019531 0.036800
0 0.725098 0.421600 0.022461 0.046400
0 0.693848 0.468800 0.018555 0.041600
0 0.632324 0.440000 0.018555 0.044800
0 0.678711 0.338400 0.017578 0.036800
0 0.619141 0.326400 0.019531 0.038400
0 0.899902 0.482400 0.026367 0.052800
0 0.114258 0.448800 0.019531 0.040000
0 0.117676 0.540800 0.024414 0.051200
0 0.191895 0.426400 0.022461 0.046400
0 0.302246 0.468000 0.022461 0.046400
0 0.272461 0.416800 0.021484 0.043200
0 0.173340 0.357600 0.016602 0.036800
0 0.427734 0.334400 0.017578 0.041600
0 0.529785 0.431200 0.016602 0.040000
0 0.477539 0.473600 0.021484 0.044800
0 0.440918 0.406400 0.016602 0.038400
0 0.394531 0.505600 0.021484 0.048000
0 0.359375 0.433600 0.017578 0.038400
0 0.574707 0.484000 0.022461 0.046400
0 0.294434 0.247200 0.012695 0.027200