0 0.068848 0.306686 0.036133 0.052326
0 0.027344 0.232558 0.011719 0.017442
0 0.137207 0.293605 0.026367 0.049419
0 0.175781 0.231831 0.011719 0.015988
0 0.232422 0.301599 0.021484 0.033430
0 0.257812 0.323401 0.021484 0.042151
0 0.324707 0.324855 0.034180 0.062500
0 0.403809 0.301599 0.018555 0.042151
0 0.446289 0.292151 0.021484 0.043605
0 0.528809 0.343023 0.020508 0.034884
0 0.480469 0.385174 0.023438 0.043605
0 0.694336 0.332122 0.019531 0.039244
0 0.764160 0.394622 0.047852 0.088663
0 0.910645 0.414244 0.047852 0.078488
0 0.974609 0.300145 0.015625 0.030523
0 0.636230 0.351017 0.024414 0.053779
0 0.939941 0.340116 0.020508 0.052326