0 0.081543 0.046722 0.012695 0.020921
0 0.067871 0.077406 0.010742 0.023710
0 0.119629 0.043236 0.010742 0.019526
0 0.131348 0.131799 0.012695 0.020921
0 0.070801 0.166667 0.014648 0.023710
0 0.186523 0.132497 0.013672 0.022315
0 0.238770 0.150628 0.012695 0.027894
0 0.267090 0.107392 0.012695 0.019526
0 0.206055 0.038354 0.013672 0.026499
0 0.191406 0.011158 0.013672 0.016736
0 0.233887 0.031381 0.014648 0.020921
0 0.184082 0.087169 0.010742 0.018131
0 0.135742 0.087169 0.011719 0.020921
0 0.301758 0.047420 0.013672 0.030683
0 0.298828 0.094840 0.011719 0.022315
0 0.303223 0.014644 0.012695 0.023710
0 0.344727 0.026499 0.015625 0.027894
0 0.347168 0.057183 0.014648 0.027894
0 0.325195 0.071827 0.011719 0.018131
0 0.457031 0.192469 0.013672 0.030683
0 0.494141 0.220363 0.013672 0.025105
0 0.436523 0.111576 0.015625 0.027894
0 0.429688 0.011158 0.013672 0.016736
0 0.572266 0.081590 0.011719 0.020921
0 0.556641 0.017434 0.011719 0.023710
0 0.595215 0.013250 0.014648 0.020921
0 0.628418 0.123431 0.010742 0.018131
0 0.597656 0.149930 0.013672 0.026499
0 0.553223 0.159693 0.010742 0.018131
0 0.630859 0.195258 0.011719 0.030683
0 0.685547 0.184798 0.013672 0.020921
0 0.713379 0.133891 0.012695 0.016736
0 0.747070 0.164575 0.011719 0.019526
0 0.767578 0.045328 0.011719 0.020921
0 0.645996 0.019526 0.012695 0.019526
0 0.821289 0.043933 0.011719 0.026499
0 0.041992 0.278243 0.035156 0.079498
0 0.116699 0.327057 0.014648 0.032078
0 0.218750 0.283124 0.029297 0.052999
0 0.318848 0.267085 0.034180 0.062762
0 0.420898 0.308229 0.033203 0.064156
0 0.523926 0.297768 0.032227 0.062762
0 0.592773 0.266388 0.037109 0.061367
0 0.686523 0.312413 0.029297 0.058577
0 0.779297 0.294282 0.035156 0.058577
0 0.840332 0.238494 0.034180 0.055788
0 0.952148 0.271967 0.027344 0.047420
0 0.971191 0.099721 0.012695 0.020921
0 0.962402 0.177824 0.010742 0.029289
0 0.533691 0.106695 0.010742 0.023710
0 0.683594 0.054393 0.011719 0.019526
0 0.081543 0.201534 0.014648 0.018131
0 0.119629 0.189679 0.012695 0.016736
0 0.015137 0.130404 0.012695 0.026499
0 0.842285 0.115760 0.010742 0.027894
0 0.320801 0.120642 0.010742 0.020921
0 0.293457 0.143654 0.012695 0.019526
0 0.351562 0.135286 0.013672 0.022315
0 0.354004 0.220363 0.014648 0.030683
0 0.399414 0.140865 0.011719 0.027894
0 0.383789 0.144351 0.011719 0.032078
0 0.372559 0.071827 0.014648 0.023710
0 0.397461 0.035565 0.013672 0.029289
0 0.434570 0.055091 0.011719 0.023710
0 0.491211 0.068340 0.013672 0.019526
0 0.477051 0.016039 0.010742 0.023710
0 0.508301 0.060669 0.014648 0.034868
0 0.531250 0.148536 0.011719 0.023710
0 0.492676 0.113668 0.016602 0.026499
0 0.443848 0.159693 0.012695 0.026499