0 0.065430 0.704412 0.068359 0.094118
0 0.138184 0.502206 0.034180 0.051471
0 0.046875 0.521324 0.031250 0.051471
0 0.194336 0.422059 0.033203 0.050000
0 0.171387 0.422059 0.022461 0.044118
0 0.235352 0.452941 0.035156 0.070588
0 0.400879 0.400000 0.061523 0.102941
0 0.115723 0.450735 0.012695 0.025000
0 0.334961 0.398529 0.031250 0.094118
0 0.335938 0.322059 0.031250 0.050000
0 0.377930 0.303676 0.029297 0.042647
0 0.534180 0.164706 0.021484 0.067647
0 0.612793 0.211765 0.055664 0.082353
0 0.628906 0.194118 0.044922 0.088235
0 0.414551 0.372059 0.055664 0.094118
0 0.731934 0.087500 0.032227 0.045588
0 0.772461 0.091912 0.021484 0.042647
0 0.851562 0.075000 0.041016 0.058824
0 0.435059 0.264706 0.012695 0.038235
0 0.786621 0.040441 0.014648 0.022059
0 0.065918 0.297794 0.010742 0.019118
0 0.010742 0.489706 0.021484 0.035294
0 0.018066 0.558824 0.026367 0.061765
0 0.357910 0.112500 0.018555 0.033824