0 0.078125 0.416016 0.031250 0.045573
0 0.041016 0.373047 0.029297 0.040365
0 0.075195 0.374349 0.031250 0.045573
0 0.134277 0.388672 0.028320 0.042969
0 0.168457 0.389974 0.022461 0.040365
0 0.202637 0.378906 0.022461 0.036458
0 0.226562 0.361328 0.013672 0.022135
0 0.248535 0.380208 0.022461 0.036458
0 0.269043 0.388672 0.018555 0.029948
0 0.293457 0.396484 0.022461 0.040365
0 0.312988 0.391927 0.016602 0.031250
0 0.319824 0.378255 0.016602 0.029948
0 0.338867 0.376953 0.011719 0.019531
0 0.356445 0.369141 0.019531 0.027344
0 0.352051 0.408854 0.020508 0.036458
0 0.372070 0.392578 0.019531 0.032552
0 0.395508 0.369792 0.017578 0.026042
0 0.404297 0.385417 0.017578 0.026042
0 0.401855 0.416667 0.018555 0.028646
0 0.438965 0.391927 0.018555 0.031250
0 0.462402 0.414062 0.022461 0.036458
0 0.481934 0.408854 0.018555 0.033854
0 0.496582 0.417969 0.014648 0.023438
0 0.509766 0.392578 0.017578 0.032552
0 0.494629 0.375000 0.016602 0.026042
0 0.511719 0.368490 0.013672 0.020833
0 0.535156 0.410156 0.017578 0.033854
0 0.536133 0.371094 0.015625 0.026042
0 0.576172 0.419922 0.017578 0.029948
0 0.556152 0.389323 0.018555 0.031250
0 0.577148 0.388672 0.015625 0.027344
0 0.590332 0.374349 0.014648 0.027344
0 0.614258 0.399089 0.017578 0.029948
0 0.643066 0.384766 0.018555 0.029948
0 0.661621 0.397786 0.020508 0.029948
0 0.693359 0.400391 0.019531 0.032552
0 0.709473 0.379557 0.016602 0.029948
0 0.714844 0.384115 0.011719 0.031250
0 0.735840 0.385417 0.020508 0.036458
0 0.764160 0.392578 0.016602 0.027344
0 0.694824 0.483073 0.022461 0.033854
0 0.610352 0.460286 0.023438 0.040365
0 0.573730 0.452474 0.022461 0.037760
0 0.537109 0.468099 0.025391 0.042969
0 0.567383 0.511068 0.021484 0.040365
0 0.812988 0.377604 0.012695 0.026042
0 0.854004 0.397786 0.018555 0.027344
0 0.772949 0.467448 0.026367 0.046875
0 0.817871 0.523438 0.030273 0.044271
0 0.762207 0.541667 0.030273 0.049479
0 0.187500 0.508464 0.029297 0.050781
0 0.236328 0.498698 0.031250 0.041667
0 0.280762 0.475911 0.022461 0.037760
0 0.297363 0.516927 0.026367 0.039062
0 0.340332 0.494141 0.022461 0.037760
0 0.281738 0.588542 0.032227 0.052083
0 0.365234 0.539714 0.033203 0.055990
0 0.396973 0.495443 0.024414 0.037760
0 0.466797 0.488932 0.025391 0.048177
0 0.497070 0.475911 0.023438 0.042969
0 0.447754 0.542318 0.032227 0.045573
0 0.412598 0.599609 0.036133 0.058594
0 0.478027 0.606771 0.030273 0.052083
0 0.520508 0.548828 0.031250 0.050781
0 0.565430 0.610026 0.025391 0.045573
0 0.604004 0.567708 0.026367 0.044271
0 0.638672 0.525391 0.029297 0.045573
0 0.689453 0.562500 0.027344 0.044271
0 0.650391 0.666016 0.033203 0.055990
0 0.765137 0.671875 0.038086 0.062500
0 0.857422 0.582682 0.037109 0.050781
0 0.097168 0.643880 0.041992 0.063802
0 0.206543 0.643229 0.041992 0.065104
0 0.169922 0.563802 0.033203 0.052083
0 0.318359 0.660807 0.037109 0.055990
0 0.992676 0.410156 0.010742 0.018229