0 0.285156 0.311849 0.025391 0.055990
0 0.388184 0.282552 0.036133 0.059896
0 0.477539 0.337240 0.037109 0.065104
0 0.586426 0.351562 0.043945 0.057292
0 0.705078 0.289062 0.037109 0.052083
0 0.624512 0.496094 0.038086 0.059896
0 0.534668 0.501302 0.038086 0.046875
0 0.456543 0.508464 0.040039 0.050781
0 0.392090 0.513672 0.036133 0.053385
0 0.318848 0.426432 0.038086 0.055990
0 0.725098 0.462891 0.040039 0.071615
0 0.855469 0.315104 0.037109 0.046875
0 0.915527 0.439453 0.041992 0.074219
0 0.819824 0.461589 0.041992 0.063802
0 0.854980 0.664714 0.077148 0.144531