0 0.962891 0.374707 0.019531 0.051522
0 0.896484 0.348946 0.011719 0.046838
0 0.812988 0.324356 0.016602 0.058548
0 0.702637 0.327869 0.016602 0.056206
0 0.634766 0.381733 0.031250 0.098361
0 0.450684 0.372365 0.028320 0.088993
0 0.325195 0.331382 0.027344 0.077283
0 0.485840 0.340749 0.012695 0.039813
0 0.119629 0.344262 0.016602 0.046838
0 0.081055 0.368852 0.013672 0.035129
0 0.196289 0.331382 0.013672 0.049180
0 0.226562 0.339578 0.021484 0.065574
0 0.066406 0.345433 0.011719 0.035129
0 0.422852 0.323185 0.013672 0.037471