0 0.262207 0.272981 0.020508 0.027855
0 0.321777 0.307799 0.018555 0.036212
0 0.430664 0.327994 0.013672 0.029248
0 0.906738 0.517409 0.022461 0.045961
0 0.979980 0.490947 0.014648 0.018106
0 0.923340 0.495822 0.010742 0.019499
0 0.988281 0.437326 0.011719 0.019499
0 0.991699 0.465181 0.010742 0.016713
0 0.971191 0.443593 0.010742 0.020891
0 0.861328 0.498607 0.011719 0.019499
0 0.878906 0.470752 0.011719 0.019499
0 0.854004 0.443593 0.012695 0.018106
0 0.835449 0.470056 0.012695 0.015320
0 0.922363 0.471448 0.010742 0.018106