0 0.006836 0.089312 0.013672 0.029283
0 0.047852 0.106881 0.015625 0.029283
0 0.083496 0.092240 0.014648 0.029283
0 0.129883 0.047584 0.015625 0.024890
0 0.147461 0.135432 0.013672 0.024890
0 0.166992 0.114202 0.015625 0.029283
0 0.149414 0.101025 0.011719 0.026354
0 0.187012 0.040996 0.012695 0.023426
0 0.211914 0.035139 0.013672 0.026354
0 0.219238 0.065886 0.014648 0.026354
0 0.221680 0.147145 0.011719 0.027818
0 0.207520 0.145681 0.012695 0.030747
0 0.243164 0.112006 0.015625 0.027818
0 0.005371 0.150073 0.010742 0.027818
0 0.069824 0.142753 0.016602 0.027818
0 0.104980 0.234993 0.018555 0.033675
0 0.166504 0.245974 0.018555 0.032211
0 0.202637 0.306735 0.018555 0.033675
0 0.099121 0.338214 0.020508 0.040996
0 0.064941 0.340410 0.018555 0.030747
0 0.070312 0.284773 0.019531 0.030747
0 0.037598 0.307467 0.020508 0.035139
0 0.035156 0.431186 0.025391 0.045388
0 0.117188 0.394583 0.023438 0.042460
0 0.165527 0.417277 0.026367 0.043924
0 0.009277 0.421669 0.018555 0.040996
0 0.111328 0.515373 0.035156 0.055637
0 0.208496 0.427526 0.030273 0.055637
0 0.084961 0.497072 0.029297 0.054173
0 0.219238 0.591508 0.036133 0.064422
0 0.017578 0.885798 0.035156 0.105417
0 0.031738 0.873353 0.041992 0.083455
0 0.104980 0.920205 0.049805 0.095168
0 0.303223 0.622255 0.038086 0.064422
0 0.253906 0.346999 0.025391 0.046852
0 0.292480 0.376281 0.020508 0.035139
0 0.331543 0.368960 0.018555 0.038067
0 0.346680 0.395315 0.023438 0.040996
0 0.372070 0.396779 0.025391 0.046852
0 0.396484 0.411420 0.027344 0.046852
0 0.430664 0.456808 0.025391 0.046852
0 0.469238 0.473646 0.024414 0.039531
0 0.444824 0.345534 0.022461 0.032211
0 0.494141 0.357980 0.021484 0.039531
0 0.386230 0.557101 0.026367 0.045388
0 0.241699 0.458272 0.026367 0.049780
0 0.487305 0.614202 0.037109 0.051245
0 0.322754 0.736457 0.036133 0.055637
0 0.378906 0.736457 0.035156 0.061493
0 0.429688 0.748902 0.037109 0.068814
0 0.479004 0.760615 0.036133 0.065886
0 0.529785 0.825037 0.038086 0.068814
0 0.638184 0.784041 0.041992 0.068814
0 0.720703 0.809663 0.048828 0.079063
0 0.768555 0.856515 0.048828 0.081991
0 0.930664 0.814788 0.042969 0.077599
0 0.913574 0.649341 0.036133 0.062958
0 0.847656 0.658126 0.035156 0.051245
0 0.567871 0.650805 0.034180 0.057101
0 0.516113 0.655198 0.038086 0.054173
0 0.617188 0.680088 0.031250 0.054173
0 0.756836 0.625183 0.029297 0.046852
0 0.605957 0.543192 0.026367 0.046852
0 0.663086 0.499268 0.023438 0.040996
0 0.686523 0.541728 0.029297 0.046852
0 0.518555 0.404832 0.023438 0.036603
0 0.552734 0.409224 0.023438 0.036603
0 0.629883 0.415813 0.025391 0.043924
0 0.149414 0.186676 0.013672 0.021962
0 0.172363 0.193997 0.012695 0.021962
0 0.199707 0.218155 0.014648 0.023426
0 0.214844 0.234993 0.015625 0.024890
0 0.227051 0.263543 0.016602 0.029283
0 0.257812 0.247438 0.015625 0.026354
0 0.286621 0.254026 0.018555 0.030747
0 0.235840 0.319180 0.018555 0.029283
0 0.219727 0.319180 0.015625 0.035139
0 0.321289 0.283309 0.017578 0.033675
0 0.343750 0.297950 0.019531 0.030747
0 0.369141 0.302343 0.023438 0.033675
0 0.333008 0.227672 0.015625 0.027818
0 0.402832 0.319180 0.024414 0.035139
0 0.411621 0.260615 0.018555 0.029283
0 0.436035 0.275988 0.018555 0.030747
0 0.279785 0.098829 0.016602 0.033675
0 0.355469 0.087848 0.015625 0.023426
0 0.337891 0.066618 0.015625 0.030747
0 0.312988 0.073939 0.014648 0.027818
0 0.270508 0.045388 0.015625 0.026354
0 0.254883 0.027086 0.011719 0.019034
0 0.307617 0.030747 0.013672 0.023426
0 0.459473 0.120059 0.012695 0.029283
0 0.432617 0.081259 0.013672 0.033675
0 0.380371 0.103953 0.014648 0.029283
0 0.359863 0.060761 0.014648 0.019034
0 0.297363 0.196925 0.014648 0.027818
0 0.505859 0.123719 0.013672 0.027818
0 0.509277 0.105417 0.014648 0.026354
0 0.486816 0.084919 0.014648 0.032211
0 0.568359 0.120791 0.011719 0.027818
0 0.601562 0.168375 0.015625 0.032211
0 0.620117 0.118594 0.013672 0.026354
0 0.680664 0.057833 0.015625 0.027818
0 0.671875 0.123719 0.015625 0.024890
0 0.731445 0.166911 0.013672 0.026354
0 0.793945 0.155930 0.011719 0.024890
0 0.864258 0.214495 0.017578 0.033675
0 0.868652 0.141288 0.010742 0.021962
0 0.941406 0.128843 0.013672 0.032211
0 0.994629 0.124451 0.010742 0.032211
0 0.832031 0.249634 0.013672 0.027818
0 0.545410 0.325769 0.016602 0.027818
0 0.609375 0.346999 0.019531 0.032211
0 0.655273 0.372621 0.021484 0.033675
0 0.752441 0.456808 0.016602 0.026354
0 0.769531 0.476574 0.021484 0.030747
0 0.953613 0.571010 0.034180 0.049780
0 0.825684 0.532211 0.026367 0.039531
0 0.801270 0.648609 0.034180 0.058565
0 0.851074 0.439239 0.028320 0.043924
0 0.299805 0.508785 0.029297 0.054173
0 0.687012 0.174231 0.018555 0.032211
0 0.257812 0.114202 0.011719 0.026354
0 0.166504 0.066618 0.014648 0.024890
0 0.967285 0.270132 0.016602 0.033675
0 0.930176 0.151537 0.012695 0.030747