0 0.865723 0.456012 0.012695 0.026393
0 0.921875 0.430352 0.019531 0.042522
0 0.725586 0.422287 0.017578 0.032258
0 0.654297 0.461144 0.011719 0.019062
0 0.666016 0.448680 0.011719 0.023460
0 0.495117 0.428886 0.013672 0.027859
0 0.442383 0.406891 0.025391 0.042522
0 0.379395 0.417155 0.022461 0.033724
0 0.303711 0.460411 0.017578 0.026393
0 0.242676 0.440616 0.018555 0.033724
0 0.280762 0.428152 0.012695 0.020528
0 0.256348 0.433284 0.012695 0.021994
0 0.208496 0.423021 0.014648 0.021994
0 0.195801 0.434751 0.012695 0.019062
0 0.179199 0.435484 0.014648 0.023460
0 0.164551 0.416422 0.012695 0.023460
0 0.127930 0.424487 0.013672 0.021994
0 0.104004 0.449413 0.016602 0.024927
0 0.074707 0.450880 0.016602 0.030792
0 0.593750 0.456745 0.013672 0.021994