0 0.649902 0.413616 0.014648 0.027818
0 0.527832 0.387262 0.016602 0.030747
0 0.352539 0.396779 0.031250 0.058565
0 0.409180 0.427526 0.023438 0.040996
0 0.274414 0.413616 0.037109 0.065886
0 0.310059 0.407028 0.020508 0.038067
0 0.244141 0.391654 0.025391 0.042460
0 0.171387 0.395315 0.030273 0.049780
0 0.199707 0.360176 0.014648 0.029283
0 0.092285 0.395315 0.022461 0.038067
0 0.135742 0.343338 0.019531 0.042460
0 0.090332 0.293558 0.016602 0.027818
0 0.042969 0.387994 0.037109 0.067350
0 0.005371 0.363104 0.010742 0.040996
0 0.060059 0.284041 0.012695 0.026354
0 0.994629 0.367496 0.010742 0.058565
0 0.977539 0.393119 0.033203 0.060029
0 0.951660 0.410688 0.022461 0.048316
0 0.926758 0.404100 0.011719 0.029283
0 0.936035 0.416545 0.010742 0.024890
0 0.912109 0.414348 0.015625 0.026354
0 0.837402 0.394583 0.018555 0.027818
0 0.734375 0.418741 0.037109 0.058565
0 0.763184 0.409956 0.016602 0.032211
0 0.458984 0.368228 0.062500 0.101025
0 0.542969 0.423865 0.029297 0.051245
0 0.582031 0.419473 0.025391 0.039531
0 0.604004 0.420937 0.018555 0.027818
0 0.630859 0.412884 0.021484 0.032211