0 0.602539 0.294610 0.023438 0.057621
0 0.667480 0.313197 0.020508 0.046468
0 0.497070 0.310409 0.027344 0.059480
0 0.718262 0.344796 0.018555 0.046468
0 0.167969 0.281599 0.037109 0.068773
0 0.244629 0.342007 0.010742 0.029740
0 0.281738 0.291822 0.014648 0.033457
0 0.311035 0.304833 0.022461 0.052045
0 0.394531 0.310409 0.019531 0.040892
0 0.357422 0.326208 0.013672 0.027881
0 0.446777 0.342007 0.014648 0.026022
0 0.924805 0.381970 0.011719 0.024164
0 0.902344 0.369888 0.013672 0.029740
0 0.868652 0.333643 0.014648 0.031599
0 0.801758 0.345725 0.015625 0.033457
0 0.765625 0.308550 0.019531 0.044610
0 0.019531 0.295539 0.023438 0.055762
0 0.098633 0.283457 0.017578 0.042751
0 0.558105 0.306691 0.010742 0.026022