0 0.888184 0.202474 0.053711 0.084635
0 0.704102 0.186198 0.044922 0.067708
0 0.420898 0.297526 0.042969 0.066406
0 0.347168 0.281250 0.036133 0.054688
0 0.108398 0.216797 0.050781 0.082031
0 0.079590 0.207031 0.038086 0.049479
0 0.182129 0.082682 0.010742 0.016927
0 0.082520 0.054036 0.010742 0.019531
0 0.046387 0.052083 0.010742 0.018229
0 0.270020 0.052734 0.012695 0.022135
0 0.403809 0.114583 0.010742 0.018229
0 0.448730 0.074219 0.012695 0.018229
0 0.578613 0.027344 0.010742 0.020833
0 0.658203 0.042318 0.011719 0.022135
0 0.620117 0.033203 0.013672 0.022135
0 0.777344 0.050781 0.011719 0.018229
0 0.841309 0.069661 0.010742 0.019531
0 0.203613 0.146484 0.012695 0.016927
0 0.294922 0.233073 0.029297 0.046875
0 0.784180 0.085938 0.013672 0.020833
0 0.854492 0.008464 0.011719 0.016927