0 0.246094 0.163690 0.011719 0.023810
0 0.222168 0.198661 0.012695 0.028274
0 0.310547 0.224702 0.011719 0.020833
0 0.339355 0.244792 0.012695 0.019345
0 0.362793 0.225446 0.010742 0.019345
0 0.375000 0.253720 0.011719 0.019345
0 0.388672 0.273810 0.013672 0.023810
0 0.412109 0.255952 0.011719 0.020833
0 0.344238 0.271577 0.012695 0.022321
0 0.296387 0.252232 0.012695 0.022321
0 0.299805 0.282738 0.013672 0.026786
0 0.290527 0.305060 0.012695 0.026786
0 0.326172 0.314732 0.013672 0.025298
0 0.340332 0.338542 0.014648 0.028274
0 0.376465 0.319940 0.012695 0.026786
0 0.392090 0.349702 0.014648 0.026786
0 0.370605 0.377232 0.014648 0.028274
0 0.343750 0.412202 0.015625 0.026786
0 0.320312 0.392113 0.013672 0.028274
0 0.284668 0.347470 0.014648 0.025298
0 0.275391 0.386905 0.013672 0.023810
0 0.292480 0.420387 0.016602 0.031250
0 0.186035 0.269345 0.010742 0.023810
0 0.158691 0.339286 0.014648 0.026786
0 0.118652 0.407738 0.016602 0.032738
0 0.264160 0.462798 0.016602 0.032738
0 0.312012 0.462054 0.014648 0.028274
0 0.355957 0.464286 0.016602 0.029762
0 0.245605 0.513393 0.018555 0.023810
0 0.260742 0.546875 0.015625 0.031250
0 0.291016 0.529762 0.015625 0.026786
0 0.337891 0.520833 0.015625 0.026786
0 0.328125 0.566220 0.017578 0.031250
0 0.368652 0.553571 0.016602 0.029762
0 0.100586 0.505208 0.019531 0.037202
0 0.223633 0.589286 0.017578 0.035714
0 0.427246 0.224702 0.010742 0.020833
0 0.484375 0.213542 0.013672 0.028274
0 0.452637 0.254464 0.012695 0.023810
0 0.493164 0.252232 0.011719 0.022321
0 0.531738 0.253720 0.014648 0.019345
0 0.515137 0.273065 0.014648 0.022321
0 0.479492 0.277530 0.013672 0.022321
0 0.434570 0.284226 0.013672 0.023810
0 0.428711 0.309524 0.015625 0.026786
0 0.475098 0.313244 0.014648 0.025298
0 0.525391 0.318452 0.013672 0.023810
0 0.489258 0.343006 0.013672 0.028274
0 0.439941 0.349702 0.012695 0.023810
0 0.472656 0.379464 0.013672 0.032738
0 0.521484 0.383185 0.013672 0.028274
0 0.420410 0.389881 0.012695 0.026786
0 0.455078 0.419643 0.015625 0.029762
0 0.506348 0.420387 0.014648 0.025298
0 0.393066 0.422619 0.014648 0.029762
0 0.402832 0.459077 0.014648 0.028274
0 0.455078 0.461310 0.013672 0.020833
0 0.497559 0.465774 0.014648 0.026786
0 0.511719 0.488095 0.015625 0.032738
0 0.448730 0.505952 0.016602 0.032738
0 0.394531 0.495536 0.015625 0.026786
0 0.423340 0.553571 0.016602 0.032738
0 0.486816 0.546875 0.016602 0.034226
0 0.551758 0.229167 0.013672 0.026786
0 0.577637 0.251488 0.010742 0.026786
0 0.611816 0.261905 0.010742 0.023810
0 0.553711 0.276786 0.013672 0.020833
0 0.596191 0.287946 0.012695 0.028274
0 0.627930 0.230655 0.011719 0.026786
0 0.631836 0.276042 0.013672 0.025298
0 0.649902 0.263393 0.012695 0.020833
0 0.573242 0.316220 0.013672 0.025298
0 0.595215 0.338542 0.014648 0.031250
0 0.615723 0.322173 0.012695 0.028274
0 0.658203 0.317708 0.013672 0.025298
0 0.647461 0.348958 0.011719 0.022321
0 0.535645 0.357887 0.012695 0.028274
0 0.571777 0.382440 0.012695 0.023810
0 0.613281 0.377976 0.013672 0.026786
0 0.605469 0.413690 0.013672 0.026786
0 0.541992 0.420387 0.015625 0.031250
0 0.556641 0.451637 0.015625 0.031250
0 0.564941 0.508185 0.016602 0.031250
0 0.613770 0.508929 0.014648 0.032738
0 0.619141 0.470982 0.015625 0.025298
0 0.534668 0.561756 0.018555 0.034226
0 0.602051 0.556548 0.016602 0.032738
0 0.696777 0.215774 0.012695 0.020833
0 0.669434 0.271577 0.012695 0.025298
0 0.685059 0.261905 0.012695 0.023810
0 0.715332 0.264881 0.012695 0.023810
0 0.756836 0.250000 0.013672 0.023810
0 0.714844 0.243304 0.013672 0.022321
0 0.758789 0.286458 0.013672 0.022321
0 0.745605 0.314732 0.014648 0.022321
0 0.699707 0.312500 0.014648 0.026786
0 0.700684 0.340774 0.014648 0.029762
0 0.754395 0.346726 0.014648 0.020833
0 0.656738 0.387649 0.014648 0.028274
0 0.706543 0.386905 0.012695 0.026786
0 0.751953 0.388393 0.015625 0.026786
0 0.662109 0.422619 0.013672 0.029762
0 0.715820 0.426339 0.013672 0.028274
0 0.772949 0.422619 0.014648 0.029762
0 0.672852 0.458333 0.013672 0.026786
0 0.718750 0.464286 0.013672 0.029762
0 0.768555 0.465030 0.013672 0.025298
0 0.731934 0.500000 0.016602 0.032738
0 0.669434 0.508185 0.016602 0.031250
0 0.662598 0.558036 0.016602 0.029762
0 0.725586 0.544643 0.019531 0.035714
0 0.726562 0.599702 0.019531 0.035714
0 0.805664 0.159970 0.011719 0.022321
0 0.846191 0.263393 0.014648 0.023810
0 0.868652 0.334821 0.016602 0.026786
0 0.793457 0.495536 0.016602 0.035714
0 0.873047 0.421131 0.015625 0.032738
0 0.903320 0.514137 0.017578 0.028274