0 0.071289 0.122016 0.023438 0.031830
0 0.229492 0.249337 0.019531 0.034483
0 0.086914 0.400531 0.023438 0.031830
0 0.005371 0.550398 0.010742 0.039788
0 0.191895 0.685013 0.028320 0.046419
0 0.245605 0.508621 0.028320 0.043767
0 0.402832 0.646552 0.032227 0.049072
0 0.396484 0.861406 0.029297 0.054377
0 0.386719 0.348806 0.025391 0.042440
0 0.542480 0.439655 0.024414 0.043767
0 0.532715 0.089523 0.022461 0.030504
0 0.506836 0.225464 0.021484 0.031830
0 0.667480 0.274536 0.022461 0.037135
0 0.191406 0.025862 0.019531 0.033156
0 0.332520 0.111406 0.022461 0.037135
0 0.766602 0.047745 0.019531 0.029178
0 0.718750 0.186340 0.019531 0.030504
0 0.971680 0.030504 0.019531 0.031830
0 0.920898 0.137268 0.019531 0.030504
0 0.876465 0.260610 0.022461 0.030504
0 0.833008 0.389920 0.025391 0.045093
0 0.749512 0.572281 0.032227 0.043767
0 0.645508 0.822944 0.031250 0.051724