0 0.131836 0.605191 0.011719 0.019126
0 0.168457 0.583333 0.010742 0.019126
0 0.236328 0.621585 0.019531 0.030055
0 0.256348 0.621585 0.026367 0.038251
0 0.285645 0.638661 0.028320 0.047814
0 0.313477 0.583333 0.013672 0.021858
0 0.357422 0.583333 0.019531 0.027322
0 0.311035 0.661885 0.040039 0.053279
0 0.424805 0.676913 0.048828 0.077869
0 0.367676 0.627732 0.024414 0.034153
0 0.405762 0.592896 0.026367 0.035519
0 0.455566 0.609973 0.028320 0.042350
0 0.496094 0.581284 0.019531 0.031421
0 0.475098 0.598361 0.018555 0.030055
0 0.574707 0.558060 0.010742 0.020492
0 0.601562 0.581284 0.021484 0.031421
0 0.664551 0.532787 0.010742 0.019126
0 0.741699 0.529372 0.010742 0.017760
0 0.799805 0.560792 0.015625 0.025956
0 0.861816 0.528005 0.014648 0.023224
0 0.969238 0.538934 0.014648 0.028689
0 0.994141 0.505464 0.011719 0.016393
0 0.482910 0.815574 0.059570 0.103825
0 0.542480 0.621585 0.036133 0.057377
0 0.570312 0.599044 0.015625 0.023224
0 0.642090 0.637978 0.045898 0.065574
0 0.678223 0.582650 0.020508 0.031421
0 0.716797 0.609290 0.031250 0.051913
0 0.763184 0.596995 0.028320 0.046448
0 0.838867 0.696038 0.064453 0.094262
0 0.878906 0.633197 0.037109 0.064208
0 0.684082 0.815574 0.098633 0.163934