0 0.616699 0.554688 0.038086 0.059896
0 0.468262 0.546224 0.043945 0.063802
0 0.289551 0.567057 0.040039 0.066406
0 0.174805 0.542969 0.039062 0.059896
0 0.313477 0.401693 0.031250 0.045573
0 0.154297 0.391276 0.031250 0.045573
0 0.594727 0.287109 0.019531 0.032552
0 0.503906 0.283854 0.017578 0.028646
0 0.429199 0.285156 0.016602 0.026042
0 0.407227 0.291667 0.013672 0.018229
0 0.334961 0.303385 0.017578 0.028646
0 0.876465 0.381510 0.032227 0.049479
0 0.747070 0.359375 0.031250 0.041667
0 0.907227 0.637370 0.035156 0.045573
0 0.985840 0.285156 0.014648 0.015625
0 0.187012 0.280599 0.014648 0.024740
0 0.242188 0.276693 0.013672 0.024740
0 0.259766 0.268880 0.011719 0.022135
0 0.026855 0.255208 0.016602 0.028646