0 0.431152 0.247396 0.022461 0.039062
0 0.489746 0.228516 0.018555 0.035156
0 0.518066 0.254557 0.026367 0.045573
0 0.555176 0.244141 0.022461 0.042969
0 0.569824 0.210286 0.022461 0.037760
0 0.595215 0.297526 0.026367 0.045573
0 0.646484 0.257812 0.025391 0.039062
0 0.670898 0.261719 0.027344 0.039062
0 0.763672 0.182943 0.031250 0.050781
0 0.817383 0.352214 0.035156 0.055990
0 0.507812 0.548177 0.033203 0.049479
0 0.435059 0.519531 0.036133 0.046875
0 0.365234 0.501302 0.031250 0.049479
0 0.322266 0.483073 0.023438 0.044271
0 0.272461 0.483724 0.027344 0.045573
0 0.232910 0.483073 0.024414 0.036458
0 0.206055 0.468099 0.023438 0.029948
0 0.154297 0.474609 0.023438 0.037760
0 0.463867 0.533854 0.019531 0.031250