0 0.470703 0.984223 0.011719 0.021845
0 0.247559 0.979369 0.012695 0.024272
0 0.208008 0.949636 0.017578 0.032767
0 0.770508 0.474515 0.011719 0.019417
0 0.744141 0.443568 0.013672 0.015777
0 0.776367 0.440534 0.011719 0.019417
0 0.830078 0.446602 0.011719 0.014563
0 0.795410 0.453883 0.010742 0.014563
0 0.958984 0.433859 0.013672 0.018204
0 0.909668 0.407767 0.010742 0.019417
0 0.959961 0.390170 0.011719 0.020631
0 0.928223 0.373786 0.012695 0.016990
0 0.979980 0.390170 0.010742 0.015777
0 0.812012 0.429005 0.012695 0.018204
0 0.767578 0.414442 0.011719 0.018204
0 0.752441 0.422330 0.010742 0.014563
0 0.833008 0.387743 0.011719 0.018204
0 0.977539 0.341626 0.011719 0.020631
0 0.839355 0.310073 0.010742 0.018204
0 0.733887 0.353762 0.010742 0.013350
0 0.588867 0.377427 0.013672 0.024272
0 0.614258 0.373786 0.017578 0.024272
0 0.294434 0.382282 0.014648 0.024272
0 0.334473 0.385316 0.014648 0.020631
0 0.434082 0.376214 0.010742 0.016990
0 0.466309 0.364684 0.010742 0.018204
0 0.523926 0.409587 0.012695 0.015777
0 0.453613 0.398058 0.010742 0.014563