0 0.699707 0.801460 0.026367 0.049635
0 0.802734 0.731387 0.025391 0.055474
0 0.897949 0.632117 0.026367 0.049635
0 0.977051 0.588321 0.020508 0.046715
0 0.318359 0.713139 0.023438 0.036496
0 0.452148 0.646715 0.023438 0.046715
0 0.556152 0.582482 0.020508 0.040876
0 0.163086 0.560584 0.021484 0.029197
0 0.241699 0.505839 0.020508 0.033577
0 0.334961 0.489051 0.021484 0.035036
0 0.440430 0.437226 0.021484 0.030657
0 0.644043 0.538686 0.020508 0.046715
0 0.737305 0.503650 0.019531 0.032117
0 0.805664 0.454015 0.019531 0.037956
0 0.885254 0.394161 0.018555 0.040876
0 0.979980 0.374453 0.014648 0.027737
0 0.509277 0.408759 0.016602 0.029197
0 0.588867 0.354745 0.015625 0.035036
0 0.680176 0.313869 0.014648 0.029197
0 0.770508 0.311679 0.013672 0.027737
0 0.843262 0.267153 0.014648 0.029197
0 0.895020 0.265693 0.012695 0.023358
0 0.942383 0.187591 0.013672 0.024818
0 0.026367 0.634307 0.021484 0.039416
0 0.067871 0.442336 0.018555 0.032117
0 0.165039 0.366423 0.019531 0.035036
0 0.252441 0.351095 0.016602 0.033577
0 0.363281 0.330657 0.013672 0.024818
0 0.473145 0.283942 0.014648 0.027737
0 0.575195 0.264964 0.011719 0.021898
0 0.634277 0.247445 0.012695 0.024818
0 0.684570 0.223358 0.011719 0.023358
0 0.494141 0.207299 0.011719 0.020438
0 0.436523 0.205839 0.013672 0.023358
0 0.263672 0.252555 0.015625 0.026277
0 0.256836 0.199270 0.013672 0.024818
0 0.245117 0.128467 0.015625 0.026277
0 0.163574 0.105839 0.012695 0.024818
0 0.192383 0.172263 0.011719 0.020438
0 0.186035 0.216788 0.014648 0.024818
0 0.124512 0.186131 0.012695 0.027737
0 0.318359 0.183942 0.013672 0.026277
0 0.169434 0.317518 0.014648 0.030657
0 0.089844 0.340876 0.015625 0.033577
0 0.087402 0.257664 0.014648 0.030657
0 0.069824 0.164964 0.010742 0.020438
0 0.046387 0.203650 0.012695 0.024818
0 0.362305 0.233577 0.013672 0.026277
0 0.908203 0.184672 0.011719 0.024818
0 0.847656 0.173723 0.011719 0.023358
0 0.965332 0.152555 0.012695 0.021898
0 0.928223 0.143066 0.012695 0.020438
0 0.854980 0.137956 0.012695 0.024818
0 0.924805 0.113139 0.013672 0.024818
0 0.888184 0.113869 0.012695 0.020438
0 0.958496 0.081022 0.010742 0.027737
0 0.992676 0.114599 0.010742 0.024818
0 0.840820 0.105839 0.013672 0.024818
0 0.809082 0.137956 0.010742 0.016058
0 0.781738 0.141606 0.012695 0.017518
0 0.747070 0.164234 0.011719 0.024818
0 0.877930 0.077372 0.013672 0.020438
0 0.759766 0.027007 0.011719 0.018978
0 0.739746 0.097810 0.010742 0.023358
0 0.720215 0.066423 0.010742 0.016058
0 0.724121 0.130657 0.010742 0.021898
0 0.626465 0.113869 0.010742 0.020438
0 0.681152 0.095620 0.010742 0.024818
0 0.626465 0.154015 0.012695 0.024818
0 0.583496 0.151825 0.012695 0.026277
0 0.565430 0.148905 0.011719 0.023358
0 0.606934 0.087591 0.010742 0.020438
0 0.552246 0.083942 0.010742 0.018978
0 0.550293 0.116058 0.010742 0.021898
0 0.585938 0.121898 0.011719 0.021898
0 0.718750 0.102920 0.011719 0.021898
0 0.530762 0.142336 0.010742 0.018978
0 0.520996 0.116058 0.010742 0.018978
0 0.519043 0.088321 0.010742 0.021898
0 0.495117 0.019708 0.011719 0.018978
0 0.491211 0.075912 0.011719 0.020438
0 0.497559 0.138686 0.012695 0.026277
0 0.461914 0.140146 0.011719 0.023358
0 0.438965 0.135036 0.010742 0.018978
0 0.438965 0.098540 0.010742 0.021898
0 0.462402 0.022628 0.010742 0.016058
0 0.105957 0.028467 0.010742 0.018978
0 0.081055 0.049635 0.011719 0.020438
0 0.057129 0.048175 0.010742 0.020438
0 0.348145 0.137956 0.014648 0.021898