0 0.243652 0.396676 0.010742 0.018786
0 0.175781 0.517341 0.017578 0.023121
0 0.209961 0.489162 0.015625 0.021676
0 0.248047 0.502890 0.017578 0.026012
0 0.346680 0.484104 0.011719 0.023121
0 0.391602 0.486994 0.015625 0.028902
0 0.407715 0.471098 0.012695 0.023121
0 0.443848 0.480491 0.016602 0.027457
0 0.474609 0.477601 0.015625 0.024566
0 0.497070 0.484104 0.013672 0.026012
0 0.530762 0.479769 0.016602 0.031792
0 0.575684 0.450145 0.018555 0.030347
0 0.561523 0.568642 0.019531 0.030347
0 0.631836 0.522399 0.025391 0.039017
0 0.621582 0.507948 0.018555 0.036127
0 0.667480 0.532514 0.018555 0.039017
0 0.723633 0.503613 0.021484 0.039017
0 0.793945 0.510838 0.023438 0.033237
0 0.794434 0.546965 0.022461 0.036127
0 0.847656 0.489162 0.023438 0.041908
0 0.885742 0.504335 0.023438 0.040462
0 0.916992 0.520231 0.021484 0.040462
0 0.956055 0.455925 0.023438 0.039017
0 0.989746 0.486272 0.020508 0.041908
0 0.906738 0.423410 0.016602 0.031792