0 0.162109 0.476909 0.048828 0.126110
0 0.217773 0.407638 0.031250 0.072824
0 0.119629 0.357904 0.034180 0.055062
0 0.115723 0.398757 0.032227 0.076377
0 0.270508 0.468028 0.050781 0.133215
0 0.262695 0.399645 0.039062 0.103020
0 0.241211 0.340142 0.033203 0.062167
0 0.312500 0.334813 0.039062 0.076377
0 0.378906 0.359680 0.029297 0.062167
0 0.386230 0.296625 0.022461 0.074600
0 0.437988 0.423623 0.047852 0.115453
0 0.414062 0.531083 0.050781 0.142096
0 0.479492 0.535524 0.054688 0.129663
0 0.463379 0.365009 0.043945 0.108348
0 0.516602 0.356128 0.041016 0.090586
0 0.554688 0.380995 0.031250 0.083481
0 0.641602 0.450266 0.044922 0.143872
0 0.654297 0.357904 0.037109 0.076377
0 0.777344 0.380107 0.042969 0.110124
0 0.763184 0.502664 0.047852 0.124334
0 0.797363 0.317940 0.047852 0.095915
0 0.840332 0.306394 0.040039 0.101243
0 0.878418 0.540853 0.053711 0.140320
0 0.945312 0.560391 0.052734 0.140320
0 0.933594 0.367673 0.044922 0.106572
0 0.981934 0.361456 0.036133 0.083481
0 0.976074 0.468028 0.045898 0.119005
0 0.982910 0.641208 0.034180 0.149201
0 0.008301 0.490231 0.014648 0.081705
0 0.740723 0.345471 0.028320 0.055062
0 0.860352 0.437833 0.046875 0.083481