0 0.134766 0.326214 0.017578 0.042718
0 0.240234 0.330097 0.015625 0.042718
0 0.291504 0.356311 0.016602 0.048544
0 0.325684 0.432039 0.018555 0.044660
0 0.327148 0.545631 0.017578 0.050485
0 0.273926 0.503883 0.016602 0.048544
0 0.223633 0.433010 0.017578 0.046602
0 0.181641 0.383495 0.015625 0.044660
0 0.202637 0.550485 0.018555 0.052427
0 0.257324 0.618447 0.024414 0.060194
0 0.151367 0.479612 0.017578 0.050485
0 0.109375 0.440777 0.017578 0.046602
0 0.121094 0.629126 0.019531 0.054369
0 0.854004 0.320388 0.016602 0.042718
0 0.885742 0.415534 0.019531 0.042718
0 0.845703 0.502913 0.019531 0.050485
0 0.813477 0.394175 0.019531 0.046602
0 0.787598 0.287379 0.018555 0.046602
0 0.747070 0.328155 0.017578 0.042718
0 0.761719 0.432039 0.017578 0.048544
0 0.727051 0.490291 0.018555 0.052427
0 0.924805 0.554369 0.019531 0.052427
0 0.958008 0.694175 0.021484 0.064078
0 0.871582 0.627184 0.022461 0.058252
0 0.818359 0.668932 0.021484 0.060194
0 0.794434 0.549515 0.018555 0.046602
0 0.694336 0.385437 0.015625 0.044660
0 0.749512 0.614563 0.018555 0.052427
0 0.688965 0.556311 0.018555 0.048544
0 0.712891 0.682524 0.021484 0.052427
0 0.661133 0.433010 0.019531 0.050485
0 0.594727 0.386408 0.015625 0.042718
0 0.617188 0.486408 0.019531 0.048544
0 0.626953 0.615534 0.021484 0.058252
0 0.550293 0.535922 0.018555 0.050485
0 0.545898 0.429126 0.017578 0.050485
0 0.563965 0.693204 0.020508 0.054369
0 0.493652 0.614563 0.020508 0.056311
0 0.493164 0.479612 0.019531 0.046602
0 0.485840 0.370874 0.016602 0.046602
0 0.432617 0.434951 0.015625 0.050485
0 0.437988 0.535922 0.018555 0.050485
0 0.382812 0.377670 0.017578 0.044660
0 0.383301 0.492233 0.018555 0.048544
0 0.437012 0.707767 0.018555 0.056311
0 0.377930 0.647573 0.019531 0.052427
0 0.306641 0.711650 0.019531 0.056311
0 0.073730 0.556311 0.020508 0.052427
0 0.169434 0.707767 0.018555 0.048544
0 0.047852 0.709709 0.021484 0.052427