0 0.127441 0.175896 0.026367 0.048860
0 0.099121 0.237785 0.026367 0.048860
0 0.066406 0.276873 0.031250 0.055375
0 0.292480 0.248371 0.030273 0.047231
0 0.353027 0.232899 0.028320 0.048860
0 0.385254 0.120521 0.028320 0.055375
0 0.416504 0.019544 0.026367 0.035831
0 0.626465 0.083062 0.024414 0.048860
0 0.610352 0.176710 0.029297 0.040717
0 0.574219 0.199511 0.027344 0.053746
0 0.688965 0.452769 0.030273 0.061889
0 0.903320 0.052932 0.027344 0.040717
0 0.871094 0.132736 0.027344 0.047231
0 0.495117 0.381107 0.035156 0.074919