0 0.841797 0.032799 0.027344 0.045190
0 0.770996 0.034985 0.026367 0.043732
0 0.717773 0.016035 0.025391 0.020408
0 0.755371 0.091108 0.030273 0.051020
0 0.699707 0.059767 0.026367 0.046647
0 0.485352 0.037172 0.031250 0.051020
0 0.486816 0.105685 0.032227 0.056851
0 0.520508 0.137026 0.031250 0.049563
0 0.456543 0.220845 0.026367 0.051020
0 0.439453 0.116618 0.025391 0.052478
0 0.419922 0.064869 0.023438 0.036443
0 0.438477 0.044461 0.025391 0.048105
0 0.413574 0.017493 0.028320 0.032070
0 0.345703 0.045190 0.019531 0.049563
0 0.333984 0.061224 0.025391 0.046647
0 0.032227 0.017493 0.021484 0.029155
0 0.068359 0.019679 0.023438 0.033528
0 0.151855 0.013120 0.024414 0.020408
0 0.190918 0.069971 0.032227 0.046647
0 0.214355 0.102770 0.020508 0.045190
0 0.131348 0.088921 0.024414 0.037901
0 0.090820 0.092566 0.027344 0.045190
0 0.018066 0.088192 0.024414 0.065598
0 0.008301 0.185131 0.016602 0.052478
0 0.139648 0.682945 0.072266 0.158892
0 0.689453 0.624636 0.050781 0.123907
0 0.451172 0.399417 0.068359 0.102041
0 0.269531 0.049563 0.025391 0.043732