0 0.119629 0.452416 0.016602 0.038067
0 0.141113 0.441435 0.016602 0.033675
0 0.175781 0.415813 0.015625 0.029283
0 0.146484 0.533675 0.042969 0.080527
0 0.042969 0.473646 0.031250 0.065886
0 0.092773 0.482430 0.019531 0.036603
0 0.072266 0.506589 0.027344 0.046852
0 0.103516 0.388726 0.015625 0.027818
0 0.078125 0.407760 0.015625 0.036603
0 0.051270 0.409956 0.016602 0.032211
0 0.328125 0.534407 0.039062 0.067350
0 0.251465 0.486091 0.026367 0.055637
0 0.328613 0.434114 0.018555 0.036603
0 0.382324 0.448755 0.016602 0.033675
0 0.429688 0.530015 0.044922 0.084919
0 0.530273 0.540264 0.046875 0.081991
0 0.567383 0.479502 0.011719 0.021962
0 0.475098 0.491947 0.026367 0.055637
0 0.525391 0.653001 0.072266 0.114202
0 0.813477 0.533675 0.076172 0.130307
0 0.766602 0.464861 0.011719 0.036603
0 0.835449 0.455344 0.016602 0.035139
0 0.875488 0.479502 0.012695 0.024890
0 0.599121 0.505857 0.030273 0.048316
0 0.202637 0.508785 0.026367 0.051245
0 0.166504 0.478770 0.022461 0.035139
0 0.104980 0.455344 0.022461 0.035139
0 0.013184 0.401171 0.014648 0.029283
0 0.744629 0.535871 0.030273 0.055637
0 0.507324 0.515373 0.022461 0.043924