0 0.023438 0.531770 0.017578 0.034796
0 0.058105 0.527988 0.014648 0.027231
0 0.071289 0.543873 0.011719 0.028744
0 0.086426 0.549924 0.012695 0.025719
0 0.101074 0.563540 0.012695 0.025719
0 0.117676 0.569592 0.012695 0.028744
0 0.173828 0.509834 0.017578 0.033283
0 0.219727 0.516641 0.017578 0.034796
0 0.134277 0.573374 0.010742 0.021180
0 0.238770 0.521936 0.012695 0.027231
0 0.253906 0.525719 0.013672 0.028744
0 0.266602 0.535552 0.013672 0.024206
0 0.341797 0.409228 0.033203 0.052950
0 0.399902 0.509834 0.014648 0.033283
0 0.414062 0.530257 0.011719 0.022693
0 0.592285 0.540847 0.012695 0.022693
0 0.623535 0.518154 0.022461 0.034796
0 0.708984 0.566566 0.011719 0.022693
0 0.723633 0.559002 0.011719 0.022693
0 0.741699 0.543873 0.014648 0.028744
0 0.771484 0.542360 0.015625 0.031770
0 0.819824 0.516641 0.020508 0.037821
0 0.879883 0.571104 0.013672 0.028744
0 0.898926 0.552194 0.014648 0.027231
0 0.917480 0.546899 0.014648 0.031770
0 0.940918 0.531770 0.018555 0.034796
0 0.981445 0.584720 0.011719 0.025719