0 0.036133 0.618490 0.011719 0.020833
0 0.183105 0.489583 0.018555 0.033854
0 0.045410 0.518880 0.010742 0.016927
0 0.054688 0.613932 0.011719 0.019531
0 0.125000 0.618490 0.011719 0.018229
0 0.075195 0.516276 0.011719 0.019531
0 0.220215 0.516276 0.010742 0.019531
0 0.335449 0.501302 0.016602 0.028646
0 0.459473 0.472005 0.018555 0.032552
0 0.644043 0.497396 0.014648 0.023438
0 0.717285 0.492839 0.012695 0.027344
0 0.756836 0.501302 0.011719 0.020833
0 0.933105 0.805990 0.067383 0.096354
0 0.840332 0.681641 0.016602 0.040365