0 0.745605 0.541076 0.018555 0.031161
0 0.801270 0.539660 0.016602 0.033994
0 0.858398 0.534703 0.015625 0.024079
0 0.872559 0.618980 0.018555 0.031161
0 0.875488 0.679887 0.016602 0.033994
0 0.813965 0.676346 0.018555 0.032578
0 0.753906 0.684844 0.019531 0.035411
0 0.700684 0.689093 0.018555 0.038244
0 0.643555 0.690510 0.019531 0.035411
0 0.597168 0.705382 0.016602 0.033994
0 0.632324 0.624646 0.016602 0.033994
0 0.694336 0.626771 0.017578 0.032578
0 0.758301 0.626062 0.018555 0.033994
0 0.817871 0.637394 0.016602 0.031161
0 0.688477 0.546034 0.017578 0.038244
0 0.630371 0.541785 0.018555 0.029745
0 0.627930 0.461756 0.017578 0.033994
0 0.685059 0.459632 0.016602 0.029745
0 0.740723 0.461756 0.018555 0.031161
0 0.795410 0.455382 0.016602 0.026912
0 0.850586 0.456799 0.015625 0.029745
0 0.783203 0.381728 0.015625 0.032578
0 0.843262 0.375354 0.016602 0.031161
0 0.909180 0.530453 0.013672 0.026912
0 0.947266 0.514164 0.017578 0.036827
0 0.615723 0.388102 0.018555 0.031161
0 0.676758 0.381020 0.015625 0.036827
0 0.606934 0.320113 0.016602 0.031161
0 0.667480 0.320113 0.018555 0.033994
0 0.716797 0.311615 0.015625 0.033994
0 0.770996 0.314448 0.016602 0.031161
0 0.838867 0.309490 0.017578 0.032578
0 0.825684 0.234419 0.016602 0.029745
0 0.769531 0.240793 0.015625 0.028329
0 0.720215 0.247875 0.018555 0.028329
0 0.662598 0.244334 0.016602 0.029745
0 0.603516 0.250708 0.015625 0.025496
0 0.730469 0.381728 0.015625 0.026912
0 0.552734 0.247167 0.013672 0.024079
0 0.553711 0.320822 0.013672 0.029745
0 0.561523 0.385269 0.015625 0.031161
0 0.570801 0.463173 0.018555 0.025496
0 0.572266 0.546034 0.015625 0.029745
0 0.575195 0.636686 0.017578 0.032578
0 0.545898 0.698300 0.017578 0.036827
0 0.510254 0.548159 0.014648 0.033994
0 0.517578 0.631728 0.017578 0.031161
0 0.499023 0.697592 0.019531 0.038244
0 0.513672 0.463173 0.019531 0.028329
0 0.503906 0.387394 0.015625 0.035411
0 0.505859 0.316572 0.015625 0.029745
0 0.495117 0.251416 0.015625 0.035411
0 0.435547 0.692635 0.017578 0.036827
0 0.464355 0.628187 0.014648 0.035411
0 0.450195 0.546034 0.017578 0.032578
0 0.452148 0.458215 0.015625 0.032578
0 0.447266 0.387394 0.017578 0.032578
0 0.450195 0.320822 0.015625 0.026912
0 0.392578 0.541785 0.017578 0.032578
0 0.392090 0.462465 0.016602 0.029745
0 0.391113 0.376771 0.014648 0.028329
0 0.392578 0.317280 0.013672 0.031161
0 0.445312 0.255666 0.015625 0.032578
0 0.395996 0.248584 0.014648 0.032578
0 0.335938 0.250000 0.017578 0.024079
0 0.337402 0.318697 0.016602 0.028329
0 0.333984 0.388102 0.013672 0.022663
0 0.330566 0.455382 0.018555 0.032578
0 0.331055 0.536827 0.017578 0.033994
0 0.332031 0.626771 0.017578 0.032578
0 0.399414 0.628187 0.019531 0.035411
0 0.367676 0.679887 0.018555 0.033994
0 0.319824 0.688385 0.016602 0.033994
0 0.268555 0.685552 0.017578 0.033994
0 0.267578 0.619688 0.015625 0.035411
0 0.268066 0.537535 0.016602 0.029745
0 0.277344 0.458924 0.015625 0.028329
0 0.277832 0.386686 0.016602 0.028329
0 0.281250 0.317280 0.015625 0.025496
0 0.277344 0.247875 0.015625 0.033994
0 0.204102 0.678470 0.017578 0.033994
0 0.209961 0.620397 0.017578 0.031161
0 0.209961 0.531870 0.017578 0.032578
0 0.219727 0.455382 0.015625 0.026912
0 0.221191 0.385269 0.016602 0.028329
0 0.223633 0.325071 0.015625 0.035411
0 0.228516 0.250708 0.015625 0.025496
0 0.176758 0.238669 0.015625 0.029745
0 0.167969 0.312323 0.015625 0.029745
0 0.157227 0.381020 0.015625 0.028329
0 0.149414 0.454674 0.017578 0.033994
0 0.145508 0.533286 0.017578 0.032578
0 0.099609 0.476629 0.017578 0.038244
0 0.147949 0.626062 0.018555 0.036827
0 0.155762 0.682720 0.018555 0.036827
0 0.100586 0.670680 0.017578 0.035411
0 0.059082 0.492918 0.016602 0.033994