0 0.167969 0.414714 0.015625 0.024740
0 0.114746 0.408854 0.014648 0.023438
0 0.218262 0.402344 0.014648 0.026042
0 0.129395 0.438802 0.014648 0.023438
0 0.490723 0.419922 0.018555 0.027344
0 0.449707 0.417969 0.016602 0.026042
0 0.408691 0.434245 0.016602 0.024740
0 0.389160 0.415365 0.012695 0.023438
0 0.428711 0.440755 0.015625 0.022135
0 0.606934 0.440755 0.014648 0.022135
0 0.572754 0.424479 0.018555 0.028646
0 0.539551 0.433594 0.012695 0.020833
0 0.755371 0.422526 0.016602 0.022135
0 0.714844 0.421224 0.017578 0.024740
0 0.688477 0.424479 0.015625 0.023438
0 0.664062 0.429688 0.013672 0.023438
0 0.895996 0.442708 0.014648 0.028646
0 0.813477 0.444010 0.017578 0.028646
0 0.296875 0.414062 0.017578 0.023438
0 0.323242 0.420573 0.017578 0.023438
0 0.074707 0.429688 0.016602 0.023438
0 0.098633 0.428385 0.015625 0.023438