0 0.767578 0.517751 0.013672 0.029586
0 0.182129 0.513807 0.012695 0.029586
0 0.098633 0.487179 0.011719 0.031558
0 0.171875 0.421105 0.011719 0.025641
0 0.030762 0.403353 0.010742 0.025641
0 0.292969 0.488166 0.011719 0.029586
0 0.336426 0.406312 0.010742 0.027613
0 0.267578 0.343195 0.011719 0.027613
0 0.312988 0.323471 0.010742 0.019724
0 0.258789 0.417160 0.011719 0.029586
0 0.350098 0.285010 0.010742 0.021696
0 0.432617 0.473373 0.011719 0.031558
0 0.558594 0.495069 0.011719 0.031558
0 0.516602 0.437870 0.011719 0.023669
0 0.466797 0.403353 0.011719 0.029586
0 0.418457 0.433925 0.012695 0.027613
0 0.619141 0.448718 0.011719 0.029586
0 0.676758 0.357988 0.011719 0.025641
0 0.705566 0.344181 0.014648 0.025641
0 0.440918 0.318540 0.010742 0.021696