0 0.814453 0.277344 0.025391 0.033854
0 0.867188 0.279297 0.011719 0.022135
0 0.435547 0.293620 0.015625 0.016927
0 0.092285 0.244141 0.030273 0.032552
0 0.142578 0.275391 0.023438 0.035156
0 0.233398 0.294271 0.021484 0.028646
0 0.257324 0.340495 0.026367 0.035156
0 0.293457 0.288411 0.024414 0.035156
0 0.320801 0.311198 0.018555 0.023438
0 0.007812 0.283854 0.011719 0.023438
0 0.437500 0.317708 0.019531 0.023438
0 0.492188 0.288411 0.023438 0.032552
0 0.549805 0.302083 0.037109 0.046875
0 0.600586 0.285807 0.015625 0.024740
0 0.635254 0.302734 0.026367 0.027344
0 0.673340 0.307292 0.026367 0.036458
0 0.718262 0.274089 0.018555 0.024740
0 0.748047 0.309245 0.021484 0.027344