0 0.722656 0.425329 0.017578 0.036603
0 0.930664 0.420937 0.015625 0.033675
0 0.626953 0.536603 0.017578 0.033675
0 0.572266 0.553441 0.015625 0.026354
0 0.535645 0.566618 0.010742 0.020498
0 0.565430 0.457540 0.013672 0.024890
0 0.634277 0.423865 0.014648 0.027818
0 0.507324 0.374817 0.014648 0.026354
0 0.482910 0.666179 0.030273 0.046852
0 0.419922 0.612738 0.013672 0.021962
0 0.466797 0.598829 0.013672 0.023426
0 0.460938 0.577599 0.011719 0.021962
0 0.416016 0.581259 0.011719 0.020498
0 0.364746 0.601025 0.012695 0.021962
0 0.316895 0.586384 0.014648 0.024890
0 0.290039 0.559297 0.011719 0.020498
0 0.272949 0.579795 0.010742 0.020498
0 0.235840 0.569546 0.012695 0.017570