0 0.083008 0.320964 0.013672 0.022135
0 0.115723 0.285807 0.010742 0.019531
0 0.138184 0.348307 0.014648 0.019531
0 0.166016 0.336589 0.013672 0.022135
0 0.185059 0.357422 0.014648 0.022135
0 0.248047 0.373047 0.017578 0.019531
0 0.304688 0.356120 0.015625 0.022135
0 0.328125 0.397135 0.015625 0.026042
0 0.388184 0.378255 0.016602 0.024740
0 0.406738 0.395182 0.020508 0.027344
0 0.436523 0.388672 0.021484 0.022135
0 0.520020 0.438802 0.020508 0.023438
0 0.639160 0.430990 0.022461 0.028646
0 0.645996 0.307943 0.016602 0.032552
0 0.785645 0.458333 0.022461 0.039062
0 0.530273 0.416016 0.015625 0.022135
0 0.033691 0.296224 0.010742 0.019531
0 0.008301 0.311849 0.010742 0.019531
0 0.025391 0.290365 0.011719 0.020833