0 0.972656 0.327474 0.019531 0.050781
0 0.939941 0.291667 0.020508 0.039062
0 0.884766 0.247396 0.027344 0.052083
0 0.830566 0.265625 0.024414 0.046875
0 0.782227 0.233724 0.029297 0.053385
0 0.746094 0.211589 0.027344 0.053385
0 0.690918 0.193359 0.026367 0.042969
0 0.645020 0.169271 0.032227 0.054688
0 0.514648 0.132812 0.031250 0.059896
0 0.376465 0.152995 0.038086 0.058594
0 0.291504 0.141276 0.038086 0.042969
0 0.191406 0.160156 0.033203 0.054688
0 0.122070 0.183594 0.029297 0.046875
0 0.845703 0.816406 0.013672 0.031250
0 0.017578 0.919922 0.019531 0.037760
0 0.109375 0.912760 0.025391 0.052083
0 0.150879 0.856120 0.018555 0.027344
0 0.223633 0.799479 0.037109 0.054688
0 0.367676 0.755208 0.030273 0.049479
0 0.782227 0.814453 0.017578 0.035156