0 0.914062 0.436232 0.019531 0.034783
0 0.663574 0.457246 0.018555 0.036232
0 0.527832 0.456522 0.012695 0.028986
0 0.450195 0.473913 0.015625 0.031884
0 0.387207 0.444203 0.018555 0.027536
0 0.352539 0.457971 0.011719 0.020290
0 0.214844 0.487681 0.017578 0.030435
0 0.164062 0.473913 0.011719 0.023188
0 0.179688 0.468841 0.011719 0.018841
0 0.122559 0.482609 0.014648 0.023188
0 0.085449 0.486232 0.010742 0.018841
0 0.033203 0.479710 0.015625 0.026087
0 0.308105 0.476087 0.016602 0.033333
0 0.317383 0.468841 0.011719 0.024638