0 0.046875 0.236457 0.031250 0.071742
0 0.165527 0.234261 0.026367 0.052709
0 0.238281 0.283309 0.025391 0.039531
0 0.094727 0.168375 0.021484 0.038067
0 0.283691 0.316252 0.024414 0.046852
0 0.330566 0.418009 0.040039 0.086384
0 0.398926 0.334553 0.020508 0.042460
0 0.412109 0.321376 0.017578 0.039531
0 0.469727 0.390922 0.023438 0.052709
0 0.496582 0.321376 0.012695 0.021962
0 0.589844 0.367496 0.015625 0.029283
0 0.583496 0.387262 0.020508 0.036603
0 0.670410 0.407028 0.020508 0.043924
0 0.676270 0.356515 0.026367 0.054173
0 0.733887 0.444363 0.010742 0.021962
0 0.788574 0.450220 0.014648 0.024890
0 0.788086 0.485359 0.019531 0.036603
0 0.767090 0.435578 0.012695 0.021962
0 0.790039 0.577599 0.039062 0.080527
0 0.913086 0.483163 0.011719 0.020498