0 0.152344 0.386530 0.011719 0.026354
0 0.210449 0.330893 0.012695 0.023426
0 0.224121 0.350659 0.012695 0.021962
0 0.269043 0.325769 0.010742 0.019034
0 0.270996 0.350659 0.012695 0.019034
0 0.322754 0.322108 0.010742 0.020498
0 0.312500 0.353587 0.011719 0.021962
0 0.289551 0.381406 0.010742 0.024890
0 0.245117 0.383602 0.011719 0.023426
0 0.196289 0.383602 0.011719 0.023426
0 0.173340 0.431186 0.012695 0.027818
0 0.220215 0.428990 0.012695 0.026354
0 0.259766 0.423133 0.011719 0.026354
0 0.306641 0.420937 0.011719 0.021962
0 0.141602 0.292094 0.011719 0.024890
0 0.124512 0.345534 0.010742 0.020498
0 0.147949 0.358712 0.010742 0.023426
0 0.113770 0.358712 0.012695 0.023426
0 0.102539 0.389458 0.011719 0.017570
0 0.080078 0.435578 0.011719 0.019034
0 0.139648 0.472182 0.013672 0.027818
0 0.096191 0.474378 0.012695 0.023426
0 0.183105 0.470717 0.012695 0.019034
0 0.235840 0.464129 0.012695 0.026354
0 0.212891 0.543192 0.013672 0.029283
0 0.059082 0.554905 0.016602 0.032211
0 0.119141 0.587848 0.015625 0.030747
0 0.167969 0.558565 0.017578 0.027818
0 0.271484 0.558565 0.013672 0.024890
0 0.795410 0.273792 0.010742 0.020498
0 0.815918 0.282577 0.010742 0.017570
0 0.835449 0.273792 0.010742 0.020498
0 0.807129 0.316984 0.010742 0.019034
0 0.761719 0.314788 0.013672 0.020498
0 0.749512 0.330893 0.010742 0.020498
0 0.792480 0.337482 0.012695 0.021962
0 0.838379 0.343338 0.010742 0.021962
0 0.856934 0.280381 0.010742 0.019034
0 0.885254 0.271596 0.010742 0.019034
0 0.906738 0.278184 0.010742 0.020498
0 0.855957 0.319912 0.010742 0.021962
0 0.887207 0.345534 0.010742 0.020498
0 0.910645 0.333821 0.010742 0.020498
0 0.891113 0.376281 0.010742 0.020498
0 0.848145 0.374085 0.010742 0.019034
0 0.872070 0.396779 0.013672 0.026354
0 0.917480 0.399707 0.012695 0.023426
0 0.757812 0.379941 0.011719 0.019034
0 0.782227 0.397511 0.011719 0.016105
0 0.798340 0.379209 0.012695 0.023426
0 0.826172 0.401903 0.011719 0.021962
0 0.782227 0.446559 0.011719 0.020498
0 0.829102 0.437775 0.013672 0.020498
0 0.880371 0.439971 0.012695 0.024890
0 0.806641 0.565886 0.013672 0.027818
0 0.859863 0.560761 0.014648 0.029283
0 0.917969 0.538799 0.015625 0.029283
0 0.931152 0.446559 0.012695 0.023426
0 0.177246 0.222548 0.010742 0.017570
0 0.302246 0.278184 0.010742 0.020498
0 0.278320 0.286237 0.011719 0.021962
0 0.260742 0.274524 0.011719 0.024890
0 0.195801 0.294290 0.010742 0.020498
0 0.173340 0.265739 0.010742 0.016105
0 0.172363 0.330893 0.010742 0.020498
0 0.184570 0.358712 0.011719 0.023426
0 0.493652 0.291362 0.010742 0.020498
0 0.565918 0.295022 0.010742 0.019034
0 0.562988 0.355783 0.010742 0.023426
0 0.484863 0.361640 0.010742 0.017570
0 0.526367 0.357247 0.011719 0.017570
0 0.335449 0.376281 0.010742 0.026354
0 0.352539 0.415813 0.011719 0.023426
0 0.381348 0.367496 0.012695 0.023426
0 0.398926 0.412884 0.010742 0.026354
0 0.428223 0.394583 0.012695 0.021962
0 0.408203 0.471449 0.011719 0.023426
0 0.420410 0.494876 0.014648 0.029283
0 0.448242 0.460469 0.011719 0.021962
0 0.434570 0.574671 0.015625 0.021962
0 0.466797 0.388726 0.011719 0.024890
0 0.509766 0.392387 0.011719 0.023426
0 0.547852 0.389458 0.011719 0.020498
0 0.597168 0.429722 0.012695 0.021962
0 0.556152 0.436310 0.010742 0.023426
0 0.513184 0.432650 0.010742 0.021962
0 0.469238 0.426794 0.012695 0.021962
0 0.485352 0.472914 0.011719 0.023426
0 0.530273 0.464129 0.011719 0.023426
0 0.565430 0.494143 0.013672 0.024890
0 0.514160 0.496340 0.014648 0.029283
0 0.468750 0.511713 0.013672 0.027818
0 0.490723 0.572474 0.014648 0.026354
0 0.539551 0.597365 0.012695 0.026354
0 0.590332 0.569546 0.014648 0.026354
0 0.729980 0.239385 0.010742 0.016105
0 0.606934 0.269400 0.010742 0.020498
0 0.597168 0.289165 0.010742 0.019034
0 0.656738 0.270132 0.010742 0.019034
0 0.701660 0.272328 0.010742 0.020498
0 0.727051 0.278917 0.010742 0.021962
0 0.616699 0.305271 0.010742 0.021962
0 0.630371 0.325037 0.012695 0.020498
0 0.656250 0.314056 0.011719 0.021962
0 0.673828 0.327233 0.011719 0.024890
0 0.698242 0.311859 0.011719 0.020498
0 0.716309 0.336750 0.010742 0.023426
0 0.621094 0.376281 0.011719 0.023426
0 0.643066 0.390190 0.014648 0.024890
0 0.663574 0.371889 0.010742 0.020498
0 0.689453 0.386530 0.013672 0.026354
0 0.711914 0.374817 0.013672 0.029283
0 0.732910 0.390922 0.012695 0.023426
0 0.611816 0.457540 0.010742 0.024890
0 0.646973 0.441435 0.012695 0.021962
0 0.692871 0.445095 0.012695 0.020498
0 0.739746 0.445095 0.014648 0.023426
0 0.644043 0.560029 0.014648 0.027818
0 0.696289 0.581259 0.015625 0.026354
0 0.752441 0.532211 0.014648 0.027818
0 0.391113 0.272328 0.010742 0.017570
0 0.416504 0.278184 0.010742 0.017570
0 0.435059 0.273060 0.010742 0.019034
0 0.417480 0.325037 0.010742 0.020498
0 0.448730 0.326501 0.010742 0.023426
0 0.360352 0.355051 0.011719 0.021962
0 0.406738 0.360908 0.010742 0.021962
0 0.273438 0.461201 0.011719 0.023426
0 0.315918 0.459736 0.012695 0.023426
0 0.362305 0.459736 0.011719 0.023426
0 0.329590 0.575403 0.014648 0.029283
0 0.382324 0.599561 0.014648 0.027818