0 0.265625 0.338428 0.019531 0.030568
0 0.329590 0.342795 0.016602 0.033479
0 0.394043 0.336245 0.014648 0.032023
0 0.457031 0.331878 0.015625 0.029112
0 0.251465 0.467977 0.014648 0.030568
0 0.338379 0.480349 0.014648 0.032023
0 0.423340 0.481805 0.014648 0.032023
0 0.357910 0.525473 0.018555 0.037846
0 0.279297 0.532023 0.015625 0.030568
0 0.206543 0.538574 0.018555 0.032023
0 0.226074 0.572052 0.018555 0.032023
0 0.294922 0.565502 0.015625 0.033479
0 0.366699 0.568413 0.018555 0.036390
0 0.426758 0.546579 0.019531 0.033479
0 0.441406 0.574236 0.017578 0.030568
0 0.471680 0.628093 0.017578 0.036390
0 0.388184 0.609898 0.020508 0.034934
0 0.411133 0.628821 0.023438 0.040757
0 0.402344 0.691412 0.021484 0.032023
0 0.294922 0.614993 0.019531 0.036390
0 0.212891 0.617904 0.019531 0.039301
0 0.243164 0.650655 0.021484 0.034934
0 0.240723 0.694323 0.020508 0.040757
0 0.327148 0.705968 0.017578 0.034934
0 0.331055 0.650655 0.019531 0.034934
0 0.165039 0.650655 0.021484 0.043668
0 0.142578 0.687773 0.023438 0.039301
0 0.524414 0.338428 0.015625 0.030568
0 0.590820 0.342067 0.017578 0.032023
0 0.660645 0.344978 0.016602 0.032023
0 0.524414 0.461426 0.017578 0.029112
0 0.607422 0.455604 0.015625 0.032023
0 0.709961 0.459971 0.017578 0.034934
0 0.507324 0.525473 0.020508 0.034934
0 0.591797 0.546579 0.019531 0.036390
0 0.625000 0.574964 0.019531 0.032023
0 0.670410 0.550218 0.018555 0.034934
0 0.521484 0.568413 0.021484 0.036390
0 0.547852 0.617176 0.019531 0.034934
0 0.634766 0.613537 0.019531 0.036390
0 0.708984 0.629549 0.019531 0.036390
0 0.495117 0.650655 0.019531 0.037846
0 0.512695 0.684862 0.021484 0.042213
0 0.576172 0.661572 0.021484 0.036390
0 0.613770 0.695779 0.016602 0.034934
0 0.661621 0.655022 0.020508 0.032023
0 0.723145 0.588064 0.018555 0.034934
0 0.711426 0.689229 0.022461 0.039301
0 0.726562 0.339884 0.015625 0.030568
0 0.792969 0.332606 0.017578 0.030568
0 0.782227 0.454876 0.017578 0.030568
0 0.863770 0.451237 0.016602 0.026201
0 0.756836 0.564047 0.015625 0.030568
0 0.796387 0.572052 0.020508 0.032023
0 0.831055 0.550218 0.019531 0.034934
0 0.900879 0.550946 0.018555 0.033479
0 0.864746 0.612809 0.020508 0.034934
0 0.793457 0.609170 0.022461 0.036390
0 0.747070 0.654294 0.021484 0.039301
0 0.826172 0.655750 0.017578 0.039301
0 0.885742 0.689956 0.021484 0.034934
0 0.798340 0.691412 0.018555 0.040757