0 0.351074 0.053642 0.010742 0.019868
0 0.394043 0.180132 0.012695 0.023841
0 0.377441 0.250331 0.012695 0.023841
0 0.356934 0.331788 0.016602 0.027815
0 0.261230 0.366225 0.020508 0.033113
0 0.504395 0.145033 0.012695 0.019868
0 0.589355 0.092053 0.012695 0.025166
0 0.738770 0.092053 0.010742 0.019868
0 0.856934 0.066887 0.010742 0.019868
0 0.868652 0.159603 0.016602 0.027815
0 0.814941 0.172185 0.014648 0.029139
0 0.793457 0.137086 0.016602 0.030464
0 0.836914 0.168212 0.015625 0.023841
0 0.816895 0.141060 0.012695 0.025166
0 0.936523 0.127152 0.019531 0.034437
0 0.982910 0.123179 0.024414 0.042384
0 0.666992 0.385430 0.015625 0.029139
0 0.349609 0.429801 0.017578 0.027815
0 0.352539 0.496026 0.015625 0.027815
0 0.292969 0.612583 0.021484 0.027815
0 0.321289 0.538411 0.021484 0.038411
0 0.017578 0.726490 0.019531 0.022517
0 0.164062 0.842384 0.023438 0.034437
0 0.230957 0.725166 0.014648 0.019868
0 0.739746 0.592715 0.018555 0.033113
0 0.745605 0.698013 0.022461 0.042384
0 0.765625 0.826490 0.017578 0.034437
0 0.570312 0.160265 0.011719 0.013245
0 0.313477 0.050993 0.011719 0.019868
0 0.316895 0.087417 0.014648 0.021192
0 0.093750 0.964901 0.025391 0.030464