0 0.758301 0.406433 0.040039 0.076023
0 0.817383 0.422515 0.021484 0.052632
0 0.710449 0.486842 0.043945 0.076023
0 0.601562 0.555556 0.037109 0.073099
0 0.503906 0.395468 0.039062 0.068713
0 0.496094 0.293860 0.044922 0.073099
0 0.449219 0.213450 0.027344 0.061404
0 0.457031 0.529240 0.042969 0.070175
0 0.293457 0.547515 0.040039 0.071637
0 0.281738 0.326754 0.030273 0.068713
0 0.201660 0.423246 0.030273 0.065789
0 0.198730 0.508041 0.028320 0.071637
0 0.683594 0.387427 0.033203 0.070175
0 0.102539 0.591374 0.025391 0.065789
0 0.035156 0.629386 0.037109 0.062865
0 0.053711 0.588450 0.025391 0.057018
0 0.023926 0.970760 0.034180 0.058480
0 0.596191 0.380848 0.032227 0.054094