0 0.031738 0.134589 0.028320 0.054393
0 0.133789 0.145049 0.017578 0.033473
0 0.295898 0.414923 0.041016 0.076709
0 0.490234 0.105997 0.037109 0.072524
0 0.548828 0.141562 0.035156 0.065551
0 0.724609 0.090656 0.035156 0.061367
0 0.215820 0.818689 0.013672 0.022315
0 0.239746 0.845188 0.020508 0.041841
0 0.293945 0.858438 0.035156 0.065551
0 0.279297 0.827755 0.029297 0.048815
0 0.322754 0.807531 0.016602 0.030683
0 0.342773 0.837517 0.017578 0.029289
0 0.385254 0.826360 0.028320 0.048815
0 0.437012 0.808926 0.028320 0.050209
0 0.406738 0.800558 0.012695 0.019526
0 0.475586 0.820084 0.013672 0.022315
0 0.458496 0.819386 0.014648 0.023710
0 0.509766 0.835425 0.017578 0.039052
0 0.547363 0.822873 0.038086 0.072524
0 0.568848 0.841702 0.012695 0.026499
0 0.572266 0.806137 0.013672 0.025105
0 0.597656 0.838912 0.011719 0.018131
0 0.906250 0.825662 0.097656 0.164575
0 0.089844 0.089958 0.033203 0.082287
0 0.275879 0.172245 0.112305 0.244073