0 0.006348 0.140100 0.010742 0.026152
0 0.067871 0.227895 0.032227 0.049813
0 0.109863 0.156912 0.020508 0.034869
0 0.123047 0.193026 0.031250 0.054795
0 0.138184 0.208593 0.014648 0.036115
0 0.200195 0.214819 0.033203 0.063512
0 0.233398 0.189290 0.023438 0.037360
0 0.260254 0.171856 0.018555 0.032379
0 0.311523 0.186177 0.027344 0.056040
0 0.240234 0.252802 0.039062 0.074720
0 0.373047 0.237858 0.035156 0.069738
0 0.363770 0.177460 0.026367 0.046077
0 0.380859 0.202989 0.027344 0.042341
0 0.449707 0.199875 0.032227 0.061021
0 0.553223 0.166874 0.022461 0.037360
0 0.508301 0.227895 0.024414 0.039851
0 0.551758 0.234122 0.029297 0.052304
0 0.528320 0.272727 0.037109 0.067248
0 0.641113 0.156289 0.016602 0.028643
0 0.649414 0.232877 0.035156 0.064757
0 0.701660 0.192403 0.020508 0.043587
0 0.696777 0.227273 0.024414 0.046077
0 0.756836 0.237858 0.025391 0.047323
0 0.773438 0.229763 0.019531 0.043587
0 0.694336 0.318182 0.037109 0.073474
0 0.806152 0.277086 0.034180 0.063512
0 0.806641 0.250311 0.031250 0.047323
0 0.866211 0.215442 0.023438 0.037360
0 0.907227 0.217933 0.027344 0.052304
0 0.872070 0.333748 0.037109 0.077210
0 0.973633 0.248443 0.039062 0.073474
0 0.986328 0.209838 0.027344 0.063512
0 0.054199 0.179328 0.022461 0.029888