0 0.028320 0.599561 0.013672 0.024890
0 0.278320 0.661054 0.023438 0.033675
0 0.200195 0.759883 0.021484 0.035139
0 0.334473 0.390922 0.038086 0.087848
0 0.437012 0.599561 0.014648 0.024890
0 0.485840 0.530015 0.010742 0.020498
0 0.539062 0.527818 0.013672 0.024890
0 0.424805 0.831625 0.029297 0.055637
0 0.348145 0.855051 0.030273 0.052709
0 0.770020 0.586384 0.012695 0.024890
0 0.786621 0.631772 0.016602 0.030747
0 0.785645 0.664714 0.016602 0.038067
0 0.827637 0.533675 0.016602 0.027818
0 0.912598 0.529283 0.014648 0.021962
0 0.954102 0.528551 0.013672 0.023426