0 0.185059 0.486979 0.010742 0.018229
0 0.225098 0.498047 0.010742 0.016927
0 0.256348 0.487630 0.010742 0.016927
0 0.300781 0.486979 0.011719 0.018229
0 0.333496 0.496745 0.012695 0.022135
0 0.361328 0.479818 0.011719 0.022135
0 0.428223 0.460286 0.020508 0.035156
0 0.548340 0.469401 0.016602 0.029948
0 0.655273 0.475911 0.015625 0.024740
0 0.638672 0.472005 0.013672 0.027344
0 0.701660 0.458984 0.010742 0.019531
0 0.727051 0.476562 0.012695 0.020833
0 0.761719 0.449870 0.015625 0.029948
0 0.857910 0.453125 0.012695 0.028646
0 0.886719 0.462240 0.011719 0.020833
0 0.951172 0.458333 0.013672 0.026042
0 0.994629 0.489583 0.010742 0.033854