0 0.986816 0.180990 0.014648 0.026042
0 0.960938 0.291016 0.019531 0.024740
0 0.987793 0.368490 0.022461 0.044271
0 0.945312 0.333333 0.031250 0.052083
0 0.993164 0.298177 0.011719 0.031250
0 0.979492 0.572917 0.015625 0.031250
0 0.832520 0.595703 0.020508 0.035156
0 0.817383 0.347656 0.023438 0.033854
0 0.646484 0.344401 0.021484 0.032552
0 0.625000 0.292969 0.019531 0.033854
0 0.614258 0.322917 0.021484 0.033854
0 0.597656 0.365885 0.021484 0.036458
0 0.551270 0.325521 0.016602 0.028646
0 0.571289 0.305990 0.011719 0.020833
0 0.551270 0.308594 0.016602 0.028646
0 0.514648 0.349609 0.021484 0.024740
0 0.550781 0.365234 0.017578 0.029948
0 0.572754 0.372396 0.014648 0.031250
0 0.490234 0.236979 0.015625 0.023438
0 0.472168 0.343750 0.016602 0.031250
0 0.465332 0.322917 0.018555 0.028646
0 0.400391 0.328776 0.019531 0.024740
0 0.388672 0.264974 0.013672 0.016927
0 0.241699 0.218750 0.028320 0.044271
0 0.201660 0.220052 0.022461 0.033854
0 0.385254 0.317057 0.012695 0.022135