0 0.008789 0.172767 0.017578 0.035139
0 0.186523 0.125915 0.027344 0.052709
0 0.220703 0.084919 0.023438 0.046852
0 0.101074 0.215227 0.026367 0.046852
0 0.204102 0.244510 0.025391 0.040996
0 0.296875 0.102489 0.027344 0.046852
0 0.291504 0.225476 0.028320 0.043924
0 0.059082 0.313324 0.028320 0.049780
0 0.153320 0.337482 0.029297 0.048316
0 0.255859 0.325769 0.023438 0.042460
0 0.209961 0.419473 0.025391 0.048316
0 0.007812 0.610542 0.015625 0.043924
0 0.076660 0.559297 0.028320 0.049780
0 0.009766 0.459004 0.019531 0.048316
0 0.179688 0.485359 0.031250 0.060029
0 0.207520 0.595900 0.028320 0.055637
0 0.105957 0.591508 0.028320 0.049780
0 0.019531 0.736457 0.027344 0.055637
0 0.088867 0.803075 0.025391 0.051245
0 0.138184 0.726940 0.026367 0.054173
0 0.264160 0.690337 0.028320 0.054173
0 0.185547 0.845534 0.031250 0.060029
0 0.032227 0.939239 0.037109 0.057101
0 0.236816 0.947291 0.030273 0.055637
0 0.330566 0.832357 0.030273 0.068814
0 0.388672 0.724744 0.029297 0.058565
0 0.360840 0.134700 0.024414 0.043924
0 0.495117 0.217423 0.027344 0.051245
0 0.387695 0.199122 0.027344 0.049780
0 0.364746 0.259883 0.028320 0.060029
0 0.525391 0.071742 0.023438 0.043924
0 0.453125 0.068082 0.025391 0.048316
0 0.472656 0.300878 0.023438 0.045388
0 0.569336 0.316984 0.025391 0.057101
0 0.519043 0.397511 0.028320 0.051245
0 0.428223 0.387262 0.026367 0.048316
0 0.296875 0.521962 0.027344 0.048316
0 0.339355 0.402635 0.028320 0.049780
0 0.401367 0.488287 0.025391 0.045388
0 0.412598 0.603953 0.028320 0.054173
0 0.327148 0.606149 0.025391 0.052709
0 0.526855 0.590044 0.026367 0.052709
0 0.632812 0.612738 0.029297 0.054173
0 0.416992 0.934846 0.029297 0.048316
0 0.450684 0.833089 0.030273 0.058565
0 0.535645 0.768668 0.028320 0.049780
0 0.569336 0.806003 0.033203 0.062958
0 0.638184 0.743777 0.032227 0.058565
0 0.569336 0.948755 0.031250 0.046852
0 0.701660 0.841142 0.030273 0.054173
0 0.743164 0.929722 0.033203 0.055637
0 0.855469 0.898975 0.029297 0.046852
0 0.748535 0.740849 0.034180 0.052709
0 0.836426 0.763543 0.028320 0.051245
0 0.773438 0.581259 0.029297 0.049780
0 0.668945 0.483163 0.031250 0.049780
0 0.617676 0.420205 0.034180 0.052709
0 0.709473 0.382870 0.030273 0.057101
0 0.669922 0.310395 0.029297 0.058565
0 0.803223 0.391654 0.030273 0.045388
0 0.792969 0.521230 0.029297 0.055637
0 0.892090 0.598829 0.030273 0.049780
0 0.906250 0.492679 0.031250 0.060029
0 0.897461 0.274524 0.033203 0.057101
0 0.767578 0.262079 0.033203 0.064422
0 0.910645 0.415081 0.034180 0.045388
0 0.623047 0.186676 0.027344 0.048316
0 0.724609 0.111274 0.027344 0.043924
0 0.736328 0.199854 0.025391 0.045388
0 0.863281 0.118594 0.025391 0.043924
0 0.891602 0.219619 0.027344 0.046852
0 0.103027 0.393851 0.026367 0.046852
0 0.126465 0.071010 0.026367 0.045388