0 0.434570 0.843874 0.013672 0.022398
0 0.327148 0.839262 0.015625 0.023715
0 0.202148 0.835310 0.013672 0.023715
0 0.085938 0.843215 0.015625 0.023715
0 0.101074 0.614625 0.014648 0.022398
0 0.528809 0.888669 0.016602 0.027668
0 0.569824 0.824769 0.014648 0.021080
0 0.687988 0.801713 0.016602 0.025033
0 0.788086 0.833333 0.017578 0.022398
0 0.876953 0.808300 0.015625 0.022398
0 0.889160 0.748353 0.014648 0.021080
0 0.833496 0.705534 0.012695 0.019763
0 0.801758 0.682477 0.011719 0.018445
0 0.737793 0.635046 0.010742 0.018445
0 0.706543 0.588933 0.010742 0.018445
0 0.752441 0.484190 0.010742 0.017128