0 0.932617 0.762565 0.013672 0.024263
0 0.910645 0.738302 0.010742 0.024263
0 0.882812 0.752166 0.011719 0.024263
0 0.865723 0.764298 0.010742 0.020797
0 0.975098 0.763432 0.012695 0.022530
0 0.812988 0.759099 0.010742 0.020797
0 0.668945 0.766031 0.011719 0.024263
0 0.504883 0.778163 0.011719 0.020797
0 0.312012 0.749567 0.012695 0.025997
0 0.383789 0.654246 0.011719 0.019064
0 0.491211 0.631716 0.011719 0.022530
0 0.095215 0.772964 0.010742 0.020797
0 0.112305 0.777296 0.011719 0.022530
0 0.026855 0.730503 0.010742 0.019064