0 0.517090 0.526589 0.084961 0.158236
0 0.044922 0.072633 0.011719 0.018158
0 0.138184 0.507134 0.012695 0.020752
0 0.173340 0.520752 0.014648 0.024643
0 0.191895 0.502594 0.012695 0.022049
0 0.177734 0.563554 0.013672 0.024643
0 0.163574 0.562905 0.012695 0.023346
0 0.172363 0.594682 0.014648 0.019455
0 0.189453 0.638781 0.015625 0.024643
0 0.088867 0.614786 0.013672 0.023346
0 0.104004 0.611543 0.014648 0.022049
0 0.029297 0.605058 0.013672 0.022049
0 0.009277 0.606355 0.012695 0.022049
0 0.008301 0.628405 0.014648 0.024643
0 0.026367 0.629702 0.015625 0.022049
0 0.095215 0.663424 0.012695 0.022049
0 0.106934 0.658236 0.012695 0.024643
0 0.138672 0.644617 0.015625 0.028534
0 0.145508 0.629053 0.013672 0.023346
0 0.132812 0.669261 0.017578 0.028534
0 0.159180 0.660830 0.013672 0.027237
0 0.185547 0.702335 0.013672 0.024643
0 0.157715 0.711414 0.014648 0.027237
0 0.123535 0.704280 0.014648 0.023346
0 0.102051 0.717250 0.014648 0.023346
0 0.071289 0.717250 0.013672 0.023346
0 0.056152 0.723087 0.014648 0.024643
0 0.017578 0.703632 0.015625 0.024643
0 0.007324 0.661479 0.014648 0.025940
0 0.026855 0.669261 0.012695 0.023346
0 0.060059 0.616732 0.016602 0.027237
0 0.146973 0.603761 0.012695 0.024643
0 0.153320 0.745136 0.019531 0.029831
0 0.114258 0.744488 0.015625 0.028534
0 0.088379 0.742542 0.016602 0.027237
0 0.030273 0.835279 0.015625 0.025940
0 0.051758 0.844358 0.015625 0.025940
0 0.117188 0.785992 0.013672 0.020752
0 0.177734 0.780156 0.015625 0.024643
0 0.208496 0.732166 0.014648 0.024643
0 0.201172 0.852789 0.017578 0.029831
0 0.163574 0.825551 0.014648 0.027237
0 0.187012 0.819066 0.014648 0.027237
0 0.052734 0.961089 0.017578 0.031128
0 0.032227 0.984436 0.017578 0.028534
0 0.068848 0.990272 0.018555 0.016861
0 0.110840 0.978599 0.020508 0.032425
0 0.145020 0.977302 0.020508 0.027237
0 0.107422 0.908560 0.013672 0.029831
0 0.129395 0.925422 0.014648 0.029831
0 0.260742 0.974708 0.019531 0.037613
0 0.250000 0.967575 0.015625 0.028534
0 0.196777 0.953956 0.014648 0.019455
0 0.265625 0.904021 0.015625 0.028534
0 0.244141 0.863165 0.015625 0.029831
0 0.262207 0.850195 0.012695 0.027237
0 0.246582 0.838521 0.014648 0.024643
0 0.296875 0.853437 0.015625 0.023346
0 0.327637 0.870947 0.016602 0.027237
0 0.316895 0.854086 0.014648 0.027237
0 0.285156 0.889105 0.015625 0.027237
0 0.300781 0.920233 0.015625 0.027237
0 0.340332 0.907912 0.016602 0.025940
0 0.353516 0.946174 0.017578 0.024643
0 0.385254 0.976005 0.018555 0.029831
0 0.374512 0.870947 0.014648 0.027237
0 0.390625 0.939040 0.013672 0.025940
0 0.402344 0.871595 0.015625 0.028534
0 0.223633 0.795071 0.013672 0.023346
0 0.241699 0.813878 0.014648 0.022049
0 0.210938 0.836576 0.015625 0.025940
0 0.280273 0.800908 0.011719 0.027237
0 0.303711 0.796368 0.011719 0.023346
0 0.320801 0.815175 0.012695 0.024643
0 0.225586 0.761349 0.013672 0.023346
0 0.258301 0.752270 0.012695 0.023346
0 0.273438 0.758755 0.015625 0.025940
0 0.323242 0.741245 0.011719 0.022049
0 0.353027 0.782101 0.016602 0.028534
0 0.234863 0.713359 0.016602 0.025940
0 0.264160 0.726329 0.016602 0.025940
0 0.217285 0.658236 0.014648 0.024643
0 0.233887 0.663424 0.014648 0.024643
0 0.238281 0.684825 0.015625 0.023346
0 0.286621 0.701686 0.014648 0.023346
0 0.290527 0.659533 0.014648 0.022049
0 0.149902 0.475357 0.016602 0.029831
0 0.217285 0.595331 0.012695 0.023346
0 0.211914 0.514916 0.013672 0.020752
0 0.254395 0.621271 0.014648 0.023346
0 0.319824 0.520752 0.012695 0.022049
0 0.248047 0.594034 0.013672 0.023346
0 0.229980 0.503891 0.014648 0.022049
0 0.351074 0.531128 0.014648 0.024643
0 0.373047 0.555772 0.013672 0.022049
0 0.339355 0.555123 0.010742 0.018158
0 0.351074 0.503891 0.012695 0.019455
0 0.366211 0.754215 0.013672 0.024643
0 0.340332 0.681582 0.016602 0.027237
0 0.381836 0.721141 0.015625 0.025940
0 0.401855 0.774968 0.014648 0.024643
0 0.401367 0.814527 0.019531 0.031128
0 0.388672 0.562905 0.011719 0.023346
0 0.399414 0.511673 0.013672 0.022049
0 0.451660 0.532425 0.012695 0.022049
0 0.444336 0.562905 0.013672 0.018158
0 0.438477 0.535019 0.011719 0.019455
0 0.306641 0.421530 0.013672 0.020752
0 0.351562 0.440986 0.013672 0.020752
0 0.394043 0.447471 0.012695 0.020752
0 0.440918 0.427367 0.012695 0.019455
0 0.481934 0.421530 0.012695 0.018158
0 0.488281 0.389105 0.013672 0.020752
0 0.472168 0.367704 0.012695 0.022049
0 0.485840 0.344358 0.010742 0.019455
0 0.472168 0.321012 0.010742 0.016861
0 0.387207 0.343709 0.012695 0.018158
0 0.342285 0.348249 0.010742 0.016861
0 0.426270 0.328145 0.010742 0.015564
0 0.352051 0.317121 0.014648 0.019455
0 0.389160 0.321012 0.012695 0.014267
0 0.292969 0.329442 0.013672 0.020752
0 0.297363 0.359922 0.012695 0.019455
0 0.321777 0.370947 0.010742 0.015564
0 0.178223 0.142672 0.010742 0.018158
0 0.054688 0.167315 0.011719 0.015564
0 0.026367 0.171206 0.011719 0.018158
0 0.114258 0.190013 0.013672 0.019455
0 0.135254 0.160182 0.010742 0.019455
0 0.087402 0.176394 0.012695 0.015564
0 0.199707 0.213359 0.010742 0.016861
0 0.091309 0.238651 0.010742 0.018158
0 0.063965 0.219844 0.010742 0.014267
0 0.163574 0.249676 0.012695 0.019455
0 0.034668 0.282101 0.010742 0.019455
0 0.065918 0.280804 0.010742 0.019455
0 0.107910 0.271077 0.012695 0.018158
0 0.136719 0.261997 0.011719 0.018158
0 0.190918 0.267185 0.010742 0.020752
0 0.193359 0.317769 0.013672 0.020752
0 0.155762 0.326848 0.012695 0.020752
0 0.129395 0.347601 0.012695 0.020752
0 0.105469 0.333982 0.013672 0.019455
0 0.101074 0.298314 0.012695 0.020752
0 0.021484 0.350195 0.011719 0.015564
0 0.187988 0.357328 0.012695 0.022049
0 0.057129 0.369650 0.012695 0.018158
0 0.007812 0.376135 0.011719 0.018158
0 0.025879 0.394293 0.012695 0.018158
0 0.064941 0.407912 0.012695 0.024643
0 0.102539 0.424773 0.011719 0.022049
0 0.137695 0.411803 0.013672 0.022049
0 0.160645 0.390402 0.012695 0.020752
0 0.178711 0.431258 0.011719 0.019455
0 0.207520 0.422179 0.012695 0.019455
0 0.220215 0.463035 0.010742 0.018158
0 0.187500 0.470817 0.011719 0.018158
0 0.120117 0.459792 0.013672 0.022049
0 0.005859 0.466278 0.011719 0.019455
0 0.028809 0.567445 0.016602 0.019455
0 0.026855 0.509079 0.012695 0.022049
0 0.054199 0.522049 0.012695 0.019455
0 0.070312 0.503891 0.011719 0.022049
0 0.057617 0.500649 0.011719 0.018158
0 0.093262 0.533074 0.014648 0.018158
0 0.088867 0.560311 0.015625 0.023346
0 0.069336 0.581064 0.013672 0.020752
0 0.120605 0.594682 0.014648 0.022049
0 0.137207 0.577173 0.012695 0.023346
0 0.122559 0.559663 0.012695 0.024643
0 0.953125 0.278210 0.011719 0.016861
0 0.937988 0.247730 0.012695 0.020752
0 0.989258 0.282101 0.011719 0.019455
0 0.927734 0.332036 0.011719 0.018158
0 0.965820 0.322309 0.011719 0.016861
0 0.854980 0.347601 0.010742 0.018158
0 0.889160 0.387808 0.012695 0.020752
0 0.804199 0.396887 0.012695 0.018158
0 0.764160 0.303502 0.010742 0.018158
0 0.693359 0.383268 0.011719 0.019455
0 0.719238 0.415694 0.012695 0.019455
0 0.802246 0.471466 0.012695 0.019455
0 0.847656 0.468223 0.013672 0.020752
0 0.962891 0.501946 0.011719 0.020752
0 0.930664 0.551232 0.013672 0.023346
0 0.900879 0.555123 0.012695 0.020752
0 0.831543 0.541505 0.010742 0.019455
0 0.791992 0.523995 0.013672 0.020752
0 0.987305 0.535019 0.015625 0.019455
0 0.982422 0.553178 0.013672 0.019455
0 0.976074 0.567445 0.014648 0.022049
0 0.945312 0.579118 0.013672 0.019455
0 0.975098 0.639429 0.014648 0.023346
0 0.882812 0.609598 0.013672 0.020752
0 0.912598 0.655642 0.012695 0.019455
0 0.568848 0.351492 0.010742 0.020752
0 0.562500 0.320363 0.011719 0.018158
0 0.532715 0.387160 0.010742 0.016861
0 0.557129 0.413100 0.012695 0.019455
0 0.592285 0.404021 0.012695 0.019455
0 0.594727 0.442283 0.013672 0.020752
0 0.636719 0.400778 0.011719 0.020752
0 0.637207 0.352140 0.012695 0.016861
0 0.601074 0.352789 0.012695 0.015564
0 0.608887 0.332685 0.010742 0.016861
0 0.644043 0.444877 0.012695 0.023346
0 0.586914 0.488327 0.013672 0.019455
0 0.642578 0.498054 0.013672 0.020752
0 0.688965 0.525940 0.010742 0.016861
0 0.676758 0.533074 0.013672 0.023346
0 0.613281 0.550584 0.013672 0.022049
0 0.590332 0.538262 0.012695 0.023346
0 0.563965 0.556420 0.010742 0.020752
0 0.688965 0.455253 0.012695 0.023346
0 0.631836 0.543450 0.013672 0.020752
0 0.747559 0.133593 0.010742 0.020752
0 0.356934 0.391051 0.014648 0.019455
0 0.373535 0.507134 0.012695 0.023346
0 0.250977 0.273671 0.011719 0.018158
0 0.260742 0.230220 0.011719 0.016861
0 0.294434 0.241894 0.010742 0.016861
0 0.268555 0.296368 0.011719 0.019455
0 0.322266 0.280156 0.013672 0.018158
0 0.332520 0.223087 0.010742 0.015564
0 0.374512 0.243839 0.012695 0.018158
0 0.418945 0.272374 0.011719 0.018158
0 0.435059 0.245136 0.010742 0.018158
0 0.440918 0.210117 0.010742 0.018158
0 0.395996 0.192607 0.010742 0.016861
0 0.404785 0.169909 0.010742 0.015564
0 0.363770 0.183528 0.010742 0.016861
0 0.317871 0.190013 0.010742 0.016861
0 0.422363 0.286641 0.010742 0.020752
0 0.393066 0.058366 0.010742 0.015564
0 0.425293 0.125162 0.010742 0.016861
0 0.619629 0.083009 0.010742 0.020752
0 0.546875 0.156939 0.011719 0.015564
0 0.501953 0.175097 0.011719 0.018158
0 0.494629 0.214656 0.010742 0.016861
0 0.481934 0.210765 0.010742 0.019455
0 0.482910 0.263294 0.010742 0.015564
0 0.529785 0.273671 0.012695 0.018158
0 0.531738 0.242542 0.010742 0.018158
0 0.537598 0.213359 0.010742 0.019455
0 0.578613 0.207523 0.010742 0.018158
0 0.603027 0.203632 0.010742 0.015564
0 0.595215 0.228923 0.010742 0.016861
0 0.590332 0.267834 0.010742 0.016861
0 0.580566 0.295720 0.012695 0.020752
0 0.726074 0.153048 0.010742 0.015564
0 0.761230 0.169261 0.010742 0.016861
0 0.626465 0.192607 0.010742 0.016861
0 0.687012 0.191310 0.012695 0.019455
0 0.768066 0.199741 0.010742 0.018158
0 0.657715 0.264591 0.010742 0.018158
0 0.637695 0.302853 0.011719 0.019455
0 0.710938 0.268482 0.011719 0.018158
0 0.728516 0.248379 0.011719 0.019455
0 0.684082 0.352789 0.012695 0.020752
0 0.743164 0.310636 0.011719 0.019455
0 0.759277 0.264591 0.012695 0.015564
0 0.875488 0.064202 0.010742 0.016861
0 0.910645 0.059014 0.010742 0.016861
0 0.948242 0.106355 0.013672 0.020752
0 0.895020 0.114786 0.010742 0.016861
0 0.855957 0.110246 0.010742 0.015564
0 0.973145 0.177043 0.010742 0.022049
0 0.944824 0.167315 0.010742 0.018158
0 0.855957 0.153696 0.010742 0.016861
0 0.825684 0.122568 0.010742 0.022049
0 0.790527 0.162127 0.010742 0.015564
0 0.848145 0.186770 0.010742 0.018158
0 0.921875 0.204929 0.011719 0.020752
0 0.950684 0.221141 0.012695 0.022049
0 0.969238 0.222438 0.012695 0.019455
0 0.878906 0.233463 0.011719 0.020752
0 0.828613 0.250973 0.014648 0.019455
0 0.813965 0.230869 0.010742 0.018158
0 0.852539 0.243191 0.011719 0.019455
0 0.915527 0.284695 0.010742 0.014267
0 0.884277 0.672503 0.014648 0.019455
0 0.976562 0.678340 0.011719 0.020752
0 0.951172 0.702335 0.015625 0.024643
0 0.812012 0.613489 0.012695 0.018158
0 0.867676 0.649157 0.012695 0.022049
0 0.807617 0.643320 0.013672 0.020752
0 0.829102 0.652399 0.013672 0.020752
0 0.816895 0.675097 0.012695 0.022049
0 0.785156 0.640078 0.013672 0.022049
0 0.759277 0.688716 0.014648 0.028534
0 0.793457 0.712711 0.010742 0.022049
0 0.863281 0.607652 0.013672 0.022049
0 0.812500 0.588197 0.013672 0.019455
0 0.799805 0.603113 0.011719 0.018158
0 0.851074 0.595331 0.012695 0.018158
0 0.778809 0.666667 0.014648 0.023346
0 0.712402 0.672503 0.014648 0.022049
0 0.698242 0.767185 0.013672 0.022049
0 0.707031 0.747082 0.015625 0.023346
0 0.758789 0.763294 0.013672 0.024643
0 0.783691 0.743839 0.012695 0.022049
0 0.807129 0.752918 0.014648 0.024643
0 0.845215 0.721790 0.014648 0.022049
0 0.729004 0.809987 0.012695 0.024643
0 0.673340 0.810636 0.016602 0.025940
0 0.667480 0.827497 0.016602 0.023346
0 0.659668 0.967575 0.016602 0.031128
0 0.666504 0.869650 0.014648 0.027237
0 0.711426 0.849546 0.016602 0.025940
0 0.706543 0.887160 0.018555 0.025940
0 0.732910 0.869001 0.016602 0.025940
0 0.751465 0.845006 0.012695 0.019455
0 0.737793 0.908560 0.016602 0.024643
0 0.714355 0.916342 0.016602 0.029831
0 0.688965 0.926719 0.014648 0.027237
0 0.704102 0.979896 0.019531 0.029831
0 0.643066 0.990921 0.016602 0.018158
0 0.786133 0.985084 0.017578 0.029831
0 0.775391 0.939689 0.017578 0.027237
0 0.798828 0.892348 0.017578 0.028534
0 0.813965 0.826848 0.014648 0.022049
0 0.817383 0.936446 0.011719 0.025940
0 0.838379 0.980545 0.012695 0.023346
0 0.960938 0.753567 0.013672 0.023346
0 0.905273 0.732815 0.013672 0.020752
0 0.876465 0.773022 0.014648 0.020752
0 0.914062 0.800259 0.013672 0.020752
0 0.950195 0.804799 0.015625 0.027237
0 0.920410 0.749676 0.012695 0.020752
0 0.942871 0.785992 0.014648 0.025940
0 0.881348 0.805447 0.014648 0.025940
0 0.855957 0.805447 0.014648 0.025940
0 0.988281 0.779507 0.013672 0.023346
0 0.989746 0.715305 0.010742 0.019455
0 0.872070 0.867056 0.017578 0.022049
0 0.905762 0.872892 0.016602 0.025940
0 0.945801 0.841115 0.014648 0.027237
0 0.978027 0.848898 0.014648 0.024643
0 0.894531 0.843061 0.015625 0.023346
0 0.876953 0.834630 0.013672 0.022049
0 0.917480 0.908560 0.016602 0.027237
0 0.861328 0.900778 0.013672 0.024643
0 0.867676 0.920882 0.014648 0.025940
0 0.976074 0.872244 0.014648 0.027237
0 0.948730 0.974060 0.016602 0.028534
0 0.922363 0.966278 0.018555 0.031128
0 0.891113 0.952010 0.014648 0.028534
0 0.745605 0.712711 0.014648 0.022049
0 0.777832 0.823606 0.016602 0.023346
0 0.148926 0.896239 0.014648 0.025940
0 0.117188 0.891699 0.017578 0.024643
0 0.070801 0.346304 0.012695 0.020752
0 0.888184 0.701686 0.016602 0.023346
0 0.917480 0.629053 0.012695 0.020752
0 0.942871 0.626459 0.012695 0.023346
0 0.970703 0.611543 0.011719 0.022049
0 0.543945 0.091440 0.011719 0.019455
0 0.586426 0.073281 0.010742 0.019455
0 0.483398 0.236057 0.011719 0.018158
0 0.323242 0.304150 0.011719 0.019455
0 0.852051 0.536316 0.010742 0.024643
0 0.865723 0.758106 0.014648 0.032425
0 0.969238 0.908560 0.012695 0.024643
0 0.592285 0.372244 0.012695 0.020752
0 0.519531 0.385214 0.011719 0.020752