0 0.453613 0.580029 0.026367 0.044053
0 0.562012 0.589574 0.022461 0.039648
0 0.513184 0.544787 0.020508 0.038179
0 0.586426 0.554332 0.018555 0.042584
0 0.104004 0.530837 0.020508 0.045521
0 0.614746 0.596182 0.020508 0.038179
0 0.541016 0.593979 0.011719 0.036711
0 0.672852 0.442731 0.017578 0.036711
0 0.213867 0.887665 0.039062 0.080764
0 0.089355 0.091043 0.018555 0.041116
0 0.197266 0.087372 0.021484 0.042584
0 0.878418 0.593979 0.014648 0.039648
0 0.937988 0.596916 0.012695 0.027900
0 0.823730 0.602056 0.012695 0.020558
0 0.935059 0.943465 0.034180 0.071953
0 0.451172 0.063877 0.023438 0.048458
0 0.488281 0.096182 0.023438 0.045521
0 0.554199 0.112335 0.022461 0.039648
0 0.887695 0.268722 0.013672 0.023495
0 0.989746 0.328928 0.012695 0.026432
0 0.778320 0.917034 0.017578 0.066079
0 0.904785 0.279001 0.010742 0.020558
0 0.967285 0.895742 0.040039 0.058737
0 0.330566 0.568282 0.022461 0.044053
0 0.782227 0.259178 0.011719 0.019090
0 0.944336 0.324523 0.013672 0.020558
0 0.190918 0.110866 0.020508 0.036711
0 0.226074 0.702643 0.026367 0.045521
0 0.857422 0.284141 0.013672 0.027900