0 0.887695 0.439610 0.015625 0.022078
0 0.930176 0.426623 0.012695 0.019481
0 0.977051 0.400649 0.014648 0.022078
0 0.988281 0.382468 0.011719 0.016883
0 0.813965 0.405195 0.012695 0.018182
0 0.827637 0.385065 0.014648 0.019481
0 0.777344 0.392208 0.015625 0.025974
0 0.742676 0.417532 0.016602 0.024675
0 0.707520 0.437013 0.018555 0.024675
0 0.672363 0.406494 0.010742 0.020779
0 0.635254 0.411039 0.014648 0.022078
0 0.660645 0.386364 0.010742 0.014286
0 0.587402 0.459091 0.014648 0.019481
0 0.535645 0.446753 0.016602 0.025974
0 0.425293 0.522727 0.022461 0.027273
0 0.505859 0.416234 0.013672 0.024675
0 0.417480 0.427273 0.014648 0.020779
0 0.443359 0.436364 0.013672 0.020779
0 0.459473 0.377922 0.010742 0.015584
0 0.500488 0.377273 0.010742 0.014286
0 0.536133 0.361688 0.011719 0.016883
0 0.604980 0.397403 0.014648 0.020779
0 0.417480 0.364286 0.010742 0.016883
0 0.428223 0.386364 0.012695 0.016883
0 0.381836 0.392857 0.011719 0.016883
0 0.045898 0.442208 0.015625 0.019481
0 0.098633 0.497403 0.013672 0.025974
0 0.144531 0.438312 0.013672 0.024675
0 0.197266 0.448052 0.015625 0.020779
0 0.272461 0.429870 0.011719 0.018182
0 0.285645 0.394156 0.010742 0.019481
0 0.334473 0.393506 0.010742 0.018182
0 0.348633 0.455844 0.015625 0.025974
0 0.848145 0.495455 0.018555 0.029870