0 0.014160 0.157812 0.020508 0.090625
0 0.043457 0.214844 0.049805 0.092188
0 0.098145 0.276562 0.061523 0.093750
0 0.077148 0.066406 0.050781 0.082812
0 0.181152 0.090625 0.059570 0.093750
0 0.232422 0.167187 0.056641 0.093750
0 0.261230 0.241406 0.053711 0.104688
0 0.331055 0.309375 0.062500 0.100000
0 0.465332 0.445312 0.067383 0.100000
0 0.612305 0.350000 0.060547 0.096875
0 0.515625 0.250000 0.058594 0.093750
0 0.460938 0.196875 0.056641 0.081250
0 0.405762 0.109375 0.053711 0.090625
0 0.340332 0.073438 0.055664 0.084375
0 0.494629 0.032813 0.047852 0.062500
0 0.554688 0.095312 0.050781 0.078125
0 0.610352 0.142187 0.058594 0.087500
0 0.244629 0.032813 0.049805 0.062500
0 0.707520 0.038281 0.055664 0.070312
0 0.687988 0.190625 0.061523 0.106250
0 0.784668 0.259375 0.063477 0.096875
0 0.776367 0.083594 0.056641 0.098437
0 0.865234 0.173437 0.060547 0.093750
0 0.908691 0.057813 0.055664 0.078125
0 0.957520 0.220312 0.059570 0.112500
0 0.868164 0.349219 0.064453 0.095312
0 0.988770 0.110937 0.022461 0.078125
0 0.841309 0.021094 0.045898 0.042188