0 0.673828 0.549479 0.048828 0.085938
0 0.279785 0.585286 0.032227 0.053385
0 0.876465 0.701823 0.016602 0.023438
0 0.981934 0.695964 0.014648 0.022135
0 0.975586 0.855469 0.013672 0.026042
0 0.802246 0.670573 0.016602 0.023438
0 0.757812 0.613932 0.013672 0.019531
0 0.987793 0.912760 0.018555 0.026042
0 0.871582 0.830729 0.018555 0.031250
0 0.838379 0.835938 0.014648 0.026042
0 0.189941 0.945312 0.061523 0.109375
0 0.012207 0.912760 0.024414 0.140625
0 0.343262 0.764974 0.014648 0.024740
0 0.544434 0.738281 0.010742 0.015625
0 0.500977 0.754557 0.013672 0.019531
0 0.935059 0.585938 0.022461 0.049479