0 0.081055 0.830579 0.025391 0.057851
0 0.076660 0.795868 0.020508 0.038017
0 0.059082 0.764463 0.020508 0.041322
0 0.033691 0.719008 0.020508 0.042975
0 0.015625 0.727273 0.017578 0.033058
0 0.008301 0.696694 0.010742 0.028099
0 0.237305 0.531405 0.023438 0.047934
0 0.220215 0.538017 0.018555 0.041322
0 0.205078 0.547107 0.017578 0.036364
0 0.191406 0.550413 0.013672 0.033058
0 0.172363 0.548760 0.014648 0.033058
0 0.330566 0.543802 0.018555 0.036364
0 0.306152 0.560331 0.018555 0.036364
0 0.288574 0.552066 0.016602 0.033058
0 0.357422 0.542975 0.019531 0.038017
0 0.381836 0.516529 0.021484 0.041322
0 0.430176 0.518182 0.024414 0.047934
0 0.403809 0.533058 0.014648 0.031405
0 0.508301 0.524793 0.018555 0.041322
0 0.480957 0.555372 0.018555 0.036364
0 0.555176 0.728099 0.014648 0.031405
0 0.614258 0.742975 0.019531 0.038017
0 0.722656 0.769421 0.023438 0.044628
0 0.857422 0.791736 0.023438 0.052893
0 0.796875 0.730579 0.015625 0.029752
0 0.859375 0.692562 0.013672 0.026446
0 0.789551 0.686777 0.012695 0.028099
0 0.736816 0.701653 0.016602 0.031405
0 0.673828 0.677686 0.013672 0.029752
0 0.628906 0.692562 0.013672 0.023140
0 0.575195 0.685124 0.013672 0.024793
0 0.842285 0.668595 0.010742 0.024793
0 0.645996 0.670248 0.010742 0.021488
0 0.892578 0.733884 0.017578 0.036364
0 0.942383 0.695868 0.013672 0.033058
0 0.959961 0.685124 0.013672 0.031405
0 0.904297 0.675207 0.011719 0.028099
0 0.114258 0.874380 0.029297 0.066116