0 0.026367 0.306250 0.013672 0.031250
0 0.106934 0.291406 0.030273 0.076563
0 0.123047 0.296094 0.013672 0.026562
0 0.197754 0.251563 0.024414 0.059375
0 0.388672 0.250000 0.044922 0.096875
0 0.155762 0.274219 0.018555 0.039062
0 0.353516 0.220312 0.025391 0.059375
0 0.462402 0.267188 0.030273 0.065625
0 0.559082 0.235156 0.024414 0.060937
0 0.702637 0.273438 0.047852 0.100000
0 0.816895 0.245312 0.028320 0.059375
0 0.880371 0.256250 0.022461 0.075000
0 0.937500 0.257812 0.011719 0.028125
0 0.972656 0.339844 0.015625 0.026562
0 0.611328 0.242188 0.021484 0.037500