0 0.133789 0.359944 0.052734 0.072829
0 0.065918 0.314426 0.024414 0.035014
0 0.192383 0.320028 0.035156 0.054622
0 0.291504 0.351541 0.018555 0.030812
0 0.348633 0.381653 0.027344 0.043417
0 0.434570 0.362045 0.023438 0.035014
0 0.512207 0.364146 0.020508 0.028011
0 0.498047 0.367647 0.011719 0.026611
0 0.552246 0.377451 0.012695 0.021008
0 0.618164 0.300420 0.033203 0.049020
0 0.708008 0.367647 0.029297 0.037815
0 0.752441 0.392157 0.022461 0.030812
0 0.732910 0.378151 0.020508 0.030812
0 0.805176 0.368347 0.024414 0.033613
0 0.864746 0.380252 0.020508 0.029412
0 0.922363 0.381653 0.014648 0.023810
0 0.900391 0.392157 0.013672 0.019608
0 0.875977 0.399860 0.013672 0.023810