0 0.365723 0.456037 0.038086 0.066929
0 0.277344 0.541339 0.039062 0.069554
0 0.379883 0.258530 0.031250 0.062992
0 0.450195 0.079396 0.025391 0.051181
0 0.388184 0.124016 0.030273 0.053806
0 0.547852 0.078084 0.027344 0.053806
0 0.499023 0.129265 0.031250 0.051181
0 0.446777 0.200131 0.032227 0.051181
0 0.491211 0.269029 0.035156 0.068241
0 0.557129 0.213911 0.028320 0.057743
0 0.437988 0.357612 0.038086 0.059055
0 0.571777 0.353018 0.036133 0.055118
0 0.631836 0.435039 0.033203 0.064304
0 0.506836 0.431102 0.042969 0.069554
0 0.579590 0.551837 0.040039 0.072178
0 0.440918 0.527559 0.038086 0.068241
0 0.651367 0.078084 0.027344 0.051181
0 0.710938 0.120735 0.031250 0.052493
0 0.777344 0.192913 0.029297 0.052493
0 0.833984 0.148294 0.025391 0.055118
0 0.604492 0.135171 0.033203 0.055118
0 0.667969 0.212598 0.031250 0.057743
0 0.609375 0.264436 0.031250 0.053806
0 0.726074 0.263123 0.030273 0.059055
0 0.838379 0.263123 0.034180 0.061680
0 0.812012 0.356955 0.036133 0.065617
0 0.692871 0.335958 0.036133 0.068241
0 0.765137 0.432415 0.040039 0.064304
0 0.902344 0.438320 0.035156 0.068241
0 0.844238 0.512467 0.040039 0.074803
0 0.708984 0.551837 0.039062 0.074803
0 0.175781 0.137139 0.027344 0.056430
0 0.345703 0.072178 0.027344 0.055118
0 0.280273 0.145013 0.027344 0.051181
0 0.323242 0.193570 0.031250 0.056430
0 0.210449 0.209974 0.032227 0.052493
0 0.262695 0.258530 0.033203 0.062992
0 0.305664 0.318241 0.033203 0.064304
0 0.133789 0.241470 0.031250 0.060367
0 0.169434 0.350394 0.038086 0.062992
0 0.093750 0.449475 0.037109 0.072178
0 0.131348 0.509843 0.041992 0.074803
0 0.226562 0.421916 0.039062 0.074803