0 0.453125 0.662757 0.019531 0.029326
0 0.498535 0.604839 0.016602 0.030792
0 0.566406 0.577713 0.013672 0.020528
0 0.359863 0.443548 0.012695 0.019062
0 0.298828 0.476540 0.013672 0.023460
0 0.237305 0.497801 0.011719 0.019062
0 0.229980 0.461877 0.010742 0.017595
0 0.983887 0.576246 0.010742 0.020528
0 0.952148 0.513196 0.011719 0.020528
0 0.967773 0.390029 0.011719 0.020528
0 0.816895 0.542522 0.010742 0.017595
0 0.853516 0.489736 0.011719 0.023460
0 0.888184 0.444282 0.010742 0.017595
0 0.802246 0.507331 0.012695 0.023460
0 0.634277 0.351173 0.012695 0.021994
0 0.875488 0.423754 0.010742 0.023460
0 0.687012 0.413490 0.012695 0.020528