0 0.014160 0.305894 0.020508 0.024390
0 0.011230 0.347561 0.020508 0.038618
0 0.214355 0.278455 0.040039 0.058943
0 0.291504 0.289634 0.051758 0.067073
0 0.336426 0.254065 0.051758 0.071138
0 0.444824 0.251524 0.057617 0.068089
0 0.557129 0.195630 0.077148 0.092480
0 0.386230 0.301829 0.038086 0.052846
0 0.642090 0.233232 0.047852 0.061992
0 0.773926 0.280488 0.038086 0.054878
0 0.810059 0.249492 0.047852 0.074187
0 0.750488 0.429370 0.081055 0.106707
0 0.936523 0.263720 0.037109 0.053862
0 0.980469 0.256606 0.027344 0.033537
0 0.183594 0.283537 0.027344 0.034553
0 0.908691 0.241870 0.012695 0.020325
0 0.721680 0.273374 0.031250 0.044715