0 0.049316 0.066295 0.030273 0.048327
0 0.137695 0.105328 0.029297 0.049566
0 0.173340 0.121437 0.026367 0.042131
0 0.206543 0.093556 0.024414 0.040892
0 0.248535 0.100991 0.030273 0.040892
0 0.277344 0.026642 0.019531 0.026022
0 0.311035 0.046468 0.014648 0.026022
0 0.217285 0.025403 0.014648 0.021066
0 0.400879 0.135068 0.028320 0.047088
0 0.068848 0.589219 0.024414 0.043371
0 0.030762 0.606568 0.018555 0.028501
0 0.188965 0.604709 0.030273 0.044610
0 0.233398 0.608426 0.011719 0.017348
0 0.326172 0.623916 0.015625 0.023544
0 0.436523 0.599133 0.015625 0.033457
0 0.849121 0.570632 0.018555 0.038414
0 0.911621 0.547708 0.022461 0.049566
0 0.662598 0.583024 0.047852 0.070632