0 0.904785 0.377061 0.032227 0.058471
0 0.874512 0.576462 0.034180 0.061469
0 0.784180 0.512744 0.031250 0.059970
0 0.812500 0.371814 0.025391 0.044978
0 0.732422 0.318591 0.027344 0.046477
0 0.682129 0.606447 0.028320 0.055472
0 0.584961 0.627436 0.029297 0.049475
0 0.586426 0.355322 0.026367 0.047976
0 0.653320 0.344828 0.031250 0.059970
0 0.673828 0.281859 0.025391 0.044978
0 0.606934 0.300600 0.026367 0.046477
0 0.535645 0.338831 0.026367 0.044978
0 0.444336 0.360570 0.029297 0.052474
0 0.504883 0.565217 0.037109 0.071964
0 0.387695 0.568216 0.029297 0.056972
0 0.359375 0.362069 0.029297 0.049475
0 0.363281 0.296852 0.023438 0.038981
0 0.465332 0.326087 0.024414 0.046477
0 0.526367 0.286357 0.027344 0.044978
0 0.200195 0.302099 0.039062 0.073463
0 0.245605 0.219640 0.030273 0.064468
0 0.164062 0.240630 0.031250 0.055472
0 0.096680 0.299850 0.041016 0.080960
0 0.264160 0.517241 0.041992 0.080960
0 0.290527 0.338081 0.030273 0.064468
0 0.287598 0.293103 0.026367 0.043478
0 0.128906 0.322339 0.029297 0.065967
0 0.518066 0.385307 0.026367 0.050975