0 0.181152 0.258621 0.030273 0.053050
0 0.216309 0.303050 0.030273 0.057029
0 0.272461 0.292440 0.013672 0.025199
0 0.296875 0.302387 0.011719 0.023873
0 0.104980 0.269231 0.024414 0.039788
0 0.065430 0.287135 0.021484 0.030504
0 0.051758 0.278515 0.015625 0.026525
0 0.044922 0.289788 0.013672 0.025199
0 0.406250 0.287798 0.013672 0.023873
0 0.441895 0.278515 0.026367 0.039788
0 0.483398 0.300398 0.017578 0.027851
0 0.432129 0.286472 0.010742 0.018568
0 0.569336 0.248011 0.021484 0.037135
0 0.345703 0.339523 0.041016 0.068966
0 0.587402 0.315650 0.026367 0.045093
0 0.654297 0.291114 0.011719 0.019894
0 0.742188 0.255305 0.039062 0.059682
0 0.838379 0.284483 0.026367 0.035809
0 0.700684 0.295756 0.020508 0.034483
0 0.880859 0.301061 0.011719 0.018568
0 0.917969 0.263926 0.013672 0.021220
0 0.982910 0.292440 0.020508 0.035809