0 0.719727 0.830161 0.041016 0.084919
0 0.630371 0.614202 0.041992 0.071742
0 0.595215 0.581991 0.040039 0.065886
0 0.860840 0.561493 0.032227 0.068814
0 0.778809 0.416545 0.041992 0.071742
0 0.936523 0.314056 0.039062 0.074671
0 0.987793 0.405564 0.024414 0.081991
0 0.972656 0.171303 0.023438 0.040996
0 0.864746 0.182284 0.028320 0.048316
0 0.909180 0.172035 0.021484 0.036603
0 0.906738 0.089312 0.016602 0.029283
0 0.750977 0.193265 0.023438 0.040996
0 0.793945 0.184480 0.019531 0.040996
0 0.813477 0.281845 0.027344 0.048316
0 0.651855 0.292826 0.024414 0.038067
0 0.668945 0.398975 0.029297 0.048316
0 0.643555 0.438507 0.035156 0.057101
0 0.947266 0.428990 0.035156 0.055637
0 0.480957 0.836018 0.038086 0.061493
0 0.522461 0.634700 0.044922 0.068814
0 0.459473 0.622987 0.036133 0.062958
0 0.381348 0.762811 0.026367 0.067350
0 0.325195 0.915813 0.050781 0.092240
0 0.490723 0.951684 0.038086 0.087848
0 0.345703 0.632504 0.035156 0.055637
0 0.226562 0.931186 0.041016 0.081991
0 0.218750 0.819180 0.039062 0.060029
0 0.194824 0.722548 0.028320 0.054173
0 0.114746 0.802343 0.030273 0.064422
0 0.038574 0.661054 0.024414 0.042460
0 0.063965 0.617130 0.022461 0.039531
0 0.081055 0.683748 0.031250 0.052709
0 0.037109 0.798682 0.037109 0.051245
0 0.118652 0.494876 0.020508 0.035139
0 0.159180 0.489751 0.019531 0.036603
0 0.205078 0.469253 0.021484 0.036603
0 0.077637 0.554173 0.022461 0.039531
0 0.036133 0.546120 0.017578 0.029283
0 0.072754 0.477306 0.012695 0.032211
0 0.249023 0.566618 0.017578 0.038067
0 0.155273 0.643485 0.025391 0.045388
0 0.125488 0.576135 0.024414 0.039531
0 0.368652 0.373353 0.020508 0.029283
0 0.378418 0.459736 0.028320 0.052709
0 0.389648 0.543924 0.025391 0.060029
0 0.548340 0.472914 0.030273 0.055637
0 0.565918 0.335286 0.024414 0.046852
0 0.407715 0.419473 0.026367 0.042460
0 0.458984 0.409956 0.027344 0.046852
0 0.495117 0.369693 0.025391 0.045388
0 0.432617 0.332357 0.019531 0.035139
0 0.414062 0.327965 0.021484 0.038067
0 0.317871 0.297218 0.010742 0.017570
0 0.013672 0.477306 0.015625 0.026354
0 0.901855 0.652269 0.043945 0.071742
0 0.841797 0.079795 0.013672 0.016105
0 0.894531 0.019034 0.011719 0.020498
0 0.855469 0.186676 0.021484 0.042460
0 0.591309 0.408492 0.030273 0.043924
0 0.626953 0.372621 0.023438 0.051245
0 0.415527 0.781845 0.030273 0.064422
0 0.110352 0.393119 0.017578 0.030747
0 0.112793 0.570278 0.016602 0.033675
0 0.354980 0.708638 0.022461 0.052709