0 0.042480 0.667125 0.010742 0.016506
0 0.033691 0.726272 0.022461 0.035763
0 0.126953 0.691884 0.015625 0.027510
0 0.170898 0.648556 0.011719 0.020633
0 0.193848 0.629298 0.010742 0.020633
0 0.266113 0.723521 0.016602 0.027510
0 0.308594 0.651307 0.013672 0.023384
0 0.271484 0.669876 0.011719 0.024759
0 0.456055 0.676754 0.013672 0.022008
0 0.436035 0.645117 0.010742 0.016506
0 0.507812 0.731774 0.015625 0.030261
0 0.535645 0.605915 0.010742 0.015131
0 0.571777 0.651307 0.012695 0.017882
0 0.618164 0.682256 0.015625 0.027510
0 0.694824 0.657497 0.014648 0.019257
0 0.722168 0.722146 0.016602 0.030261
0 0.788574 0.649243 0.012695 0.027510
0 0.823242 0.656121 0.013672 0.024759
0 0.828613 0.636176 0.010742 0.017882
0 0.910645 0.691884 0.012695 0.024759
0 0.963867 0.669876 0.013672 0.022008
0 0.988770 0.652682 0.012695 0.015131
0 0.945801 0.713205 0.018555 0.034388