0 0.548828 0.339844 0.029297 0.044271
0 0.604004 0.376953 0.020508 0.029948
0 0.661621 0.406250 0.024414 0.033854
0 0.750488 0.377604 0.024414 0.031250
0 0.824219 0.421875 0.023438 0.028646
0 0.822266 0.355469 0.019531 0.031250
0 0.887207 0.376302 0.016602 0.028646
0 0.924316 0.350260 0.014648 0.033854
0 0.900879 0.356771 0.016602 0.023438
0 0.398438 0.428385 0.023438 0.033854
0 0.273438 0.406901 0.031250 0.040365
0 0.234375 0.406250 0.039062 0.057292
0 0.060059 0.448568 0.036133 0.050781
0 0.520508 0.391276 0.019531 0.024740
0 0.424805 0.395182 0.031250 0.050781