0 0.009766 0.243954 0.019531 0.035562
0 0.036621 0.233286 0.022461 0.034139
0 0.107910 0.228307 0.028320 0.044097
0 0.153320 0.178521 0.033203 0.052632
0 0.232422 0.226174 0.035156 0.059744
0 0.255859 0.226174 0.021484 0.036984
0 0.343750 0.187055 0.039062 0.064011
0 0.311523 0.236842 0.027344 0.049787
0 0.371094 0.200569 0.029297 0.039829
0 0.476074 0.145092 0.043945 0.071124
0 0.489746 0.198435 0.020508 0.044097
0 0.517090 0.201280 0.024414 0.038407
0 0.575195 0.201280 0.031250 0.049787
0 0.633789 0.172831 0.037109 0.058321
0 0.764160 0.200569 0.028320 0.039829
0 0.797852 0.147226 0.044922 0.066856
0 0.881348 0.206259 0.040039 0.065434
0 0.921875 0.208393 0.033203 0.049787
0 0.951660 0.192745 0.028320 0.038407
0 0.972656 0.213371 0.023438 0.034139