0 0.721191 0.295588 0.028320 0.050000
0 0.639648 0.335294 0.021484 0.035294
0 0.815430 0.319118 0.023438 0.041176
0 0.902344 0.323529 0.023438 0.038235
0 0.882324 0.233824 0.010742 0.023529
0 0.946777 0.241176 0.014648 0.023529
0 0.956543 0.352206 0.022461 0.036765
0 0.994629 0.372794 0.010742 0.027941
0 0.931152 0.285294 0.010742 0.020588
0 0.419922 0.295588 0.033203 0.050000
0 0.443359 0.322794 0.017578 0.027941
0 0.251953 0.261029 0.041016 0.060294
0 0.095215 0.400735 0.012695 0.019118
0 0.056152 0.405882 0.010742 0.017647
0 0.565430 0.261029 0.033203 0.063235