0 0.497070 0.858616 0.066406 0.141384
0 0.680176 0.630339 0.061523 0.085420
0 0.825195 0.706186 0.066406 0.092784
0 0.236816 0.668630 0.065430 0.091311
0 0.049316 0.523564 0.053711 0.060383
0 0.285156 0.634757 0.056641 0.108984
0 0.449219 0.504418 0.046875 0.069219
0 0.375488 0.522091 0.051758 0.075110
0 0.149902 0.402062 0.047852 0.067747
0 0.088379 0.523564 0.040039 0.057437
0 0.228516 0.390280 0.039062 0.061856
0 0.292480 0.396907 0.034180 0.057437
0 0.524414 0.368925 0.044922 0.054492
0 0.572266 0.282032 0.039062 0.072165
0 0.788086 0.335052 0.031250 0.048601
0 0.832520 0.480118 0.047852 0.076583
0 0.890137 0.422680 0.049805 0.079529
0 0.914551 0.423417 0.036133 0.075110
0 0.846191 0.202504 0.030273 0.048601
0 0.810547 0.187040 0.031250 0.053019
0 0.430664 0.203976 0.031250 0.048601
0 0.298340 0.287923 0.040039 0.054492
0 0.333008 0.271723 0.033203 0.057437
0 0.351562 0.226804 0.025391 0.053019
0 0.383301 0.262150 0.028320 0.050074
0 0.465820 0.156848 0.023438 0.036819
0 0.487305 0.159057 0.025391 0.038292
0 0.051270 0.264359 0.034180 0.057437
0 0.199219 0.181885 0.011719 0.027982
0 0.071777 0.125184 0.016602 0.035346
0 0.035156 0.088365 0.013672 0.032401
0 0.245605 0.049337 0.014648 0.030928
0 0.267578 0.036082 0.011719 0.027982
0 0.691406 0.151694 0.023438 0.032401
0 0.738770 0.113402 0.018555 0.035346
0 0.716309 0.156112 0.018555 0.032401
0 0.864746 0.178940 0.024414 0.042710
0 0.954102 0.118557 0.023438 0.039764
0 0.921875 0.235641 0.033203 0.050074
0 0.958984 0.016200 0.015625 0.032401
0 0.891113 0.011046 0.018555 0.022091
0 0.830078 0.028719 0.015625 0.033873
0 0.752441 0.017673 0.016602 0.035346
0 0.685059 0.012518 0.016602 0.025037
0 0.635742 0.030928 0.017578 0.032401
0 0.595215 0.240059 0.034180 0.047128
0 0.160156 0.100147 0.011719 0.038292
0 0.229492 0.958027 0.078125 0.083947
0 0.509766 0.157585 0.017578 0.029455
0 0.559570 0.155376 0.021484 0.042710
0 0.770508 0.279823 0.023438 0.035346
0 0.945801 0.198085 0.016602 0.033873