0 0.008301 0.302850 0.014648 0.045131
0 0.068359 0.293349 0.013672 0.030879
0 0.103027 0.252969 0.012695 0.030879
0 0.128906 0.258907 0.015625 0.057007
0 0.199707 0.279097 0.014648 0.045131
0 0.257324 0.305226 0.016602 0.049881
0 0.292480 0.306413 0.010742 0.033254
0 0.317871 0.328979 0.012695 0.035629
0 0.442383 0.304038 0.013672 0.033254
0 0.526367 0.311164 0.013672 0.038005
0 0.573730 0.323040 0.018555 0.057007
0 0.636719 0.289786 0.013672 0.038005
0 0.671875 0.331354 0.017578 0.073634
0 0.765625 0.263658 0.011719 0.042755
0 0.866699 0.363420 0.010742 0.038005
0 0.912598 0.321853 0.018555 0.059382
0 0.158203 0.263658 0.011719 0.033254