0 0.053711 0.229917 0.013672 0.049861
0 0.095215 0.225762 0.010742 0.036011
0 0.143555 0.196676 0.013672 0.049861
0 0.225098 0.286704 0.016602 0.058172
0 0.286621 0.257618 0.014648 0.049861
0 0.274902 0.228532 0.012695 0.036011
0 0.370605 0.207756 0.014648 0.055402
0 0.391113 0.238227 0.012695 0.044321
0 0.485352 0.246537 0.013672 0.044321
0 0.596191 0.245152 0.012695 0.047091
0 0.688965 0.260388 0.010742 0.038781
0 0.728027 0.307479 0.012695 0.072022
0 0.834961 0.303324 0.019531 0.074792
0 0.906738 0.342105 0.010742 0.041551
0 0.943359 0.313019 0.011719 0.055402
0 0.883301 0.242382 0.010742 0.030471