0 0.382812 0.527344 0.013672 0.023438
0 0.430664 0.531901 0.011719 0.027344
0 0.423340 0.646484 0.012695 0.027344
0 0.342773 0.414062 0.013672 0.018229
0 0.395996 0.412109 0.012695 0.019531
0 0.445801 0.407552 0.012695 0.020833
0 0.490723 0.400391 0.012695 0.019531
0 0.537109 0.427083 0.013672 0.023438
0 0.586426 0.421875 0.012695 0.018229
0 0.460449 0.470052 0.010742 0.023438
0 0.508789 0.471354 0.013672 0.023438
0 0.555664 0.472656 0.011719 0.026042
0 0.482422 0.527995 0.011719 0.019531
0 0.526855 0.529297 0.012695 0.019531
0 0.564941 0.535807 0.012695 0.019531
0 0.443848 0.573568 0.010742 0.024740
0 0.503906 0.585938 0.013672 0.026042
0 0.554688 0.591146 0.013672 0.023438
0 0.604492 0.590495 0.013672 0.027344
0 0.464355 0.637370 0.012695 0.027344
0 0.509277 0.642578 0.014648 0.024740
0 0.553711 0.653646 0.013672 0.026042
0 0.604004 0.654297 0.014648 0.022135
0 0.632324 0.419271 0.012695 0.018229
0 0.680176 0.413411 0.012695 0.019531
0 0.728516 0.416667 0.011719 0.020833
0 0.786133 0.406901 0.013672 0.022135
0 0.650879 0.455078 0.010742 0.016927
0 0.701172 0.455729 0.011719 0.020833
0 0.753418 0.448568 0.012695 0.019531
0 0.801758 0.453776 0.013672 0.022135
0 0.614258 0.520833 0.013672 0.026042
0 0.660645 0.514323 0.010742 0.018229
0 0.708008 0.511719 0.013672 0.026042
0 0.756348 0.522786 0.012695 0.019531
0 0.806152 0.516276 0.012695 0.024740
0 0.672363 0.589193 0.016602 0.027344
0 0.723633 0.591146 0.013672 0.028646
0 0.770996 0.579427 0.014648 0.026042
0 0.828613 0.563151 0.014648 0.029948
0 0.649414 0.649740 0.015625 0.026042
0 0.846680 0.416016 0.013672 0.024740
0 0.855469 0.460286 0.017578 0.027344
0 0.860840 0.523438 0.012695 0.023438
0 0.896973 0.519531 0.012695 0.028646
0 0.928223 0.509115 0.014648 0.023438
0 0.961914 0.506510 0.013672 0.031250
0 0.897949 0.567708 0.014648 0.023438
0 0.203125 0.410156 0.011719 0.015625
0 0.255859 0.432943 0.011719 0.016927
0 0.298340 0.426432 0.010742 0.016927
0 0.216309 0.460286 0.010742 0.019531
0 0.173340 0.473958 0.010742 0.018229
0 0.184082 0.522786 0.012695 0.022135
0 0.191895 0.579427 0.012695 0.020833
0 0.084961 0.511068 0.011719 0.019531
0 0.103516 0.523438 0.015625 0.026042
0 0.144531 0.523438 0.011719 0.023438
0 0.102051 0.566406 0.010742 0.023438
0 0.142578 0.562500 0.013672 0.020833
0 0.237305 0.576823 0.013672 0.023438
0 0.292969 0.574870 0.013672 0.022135
0 0.337891 0.516276 0.011719 0.019531
0 0.345703 0.575521 0.011719 0.023438
0 0.238281 0.641927 0.011719 0.026042
0 0.278809 0.646484 0.010742 0.027344
0 0.321289 0.644531 0.011719 0.026042
0 0.373047 0.650391 0.013672 0.024740
0 0.362305 0.468099 0.013672 0.019531
0 0.412109 0.468099 0.011719 0.016927