0 0.640625 0.821615 0.011719 0.018229
0 0.716309 0.655599 0.010742 0.016927
0 0.550293 0.670573 0.010742 0.018229
0 0.909668 0.573568 0.010742 0.016927
0 0.969238 0.571615 0.014648 0.018229
0 0.910645 0.492188 0.010742 0.020833
0 0.938965 0.400391 0.010742 0.014323
0 0.980957 0.067057 0.010742 0.019531
0 0.276855 0.923177 0.010742 0.018229
0 0.295410 0.963542 0.016602 0.023438
0 0.318848 0.977865 0.010742 0.018229
0 0.296387 0.865234 0.014648 0.022135
0 0.240723 0.878255 0.012695 0.019531
0 0.246094 0.804688 0.011719 0.020833
0 0.157227 0.876953 0.011719 0.022135
0 0.124023 0.649740 0.011719 0.018229
0 0.179688 0.692708 0.011719 0.023438
0 0.200195 0.739583 0.013672 0.026042
0 0.192871 0.722656 0.012695 0.018229
0 0.396973 0.776042 0.012695 0.015625
0 0.345703 0.801432 0.011719 0.019531
0 0.362305 0.766276 0.015625 0.022135
0 0.349609 0.742188 0.013672 0.020833
0 0.300781 0.726562 0.011719 0.015625
0 0.395020 0.755208 0.012695 0.018229
0 0.316406 0.621094 0.013672 0.018229
0 0.296875 0.645833 0.011719 0.018229
0 0.202637 0.649740 0.012695 0.020833
0 0.266602 0.639974 0.013672 0.022135
0 0.242188 0.561198 0.011719 0.015625
0 0.411133 0.604818 0.011719 0.016927
0 0.447754 0.523438 0.010742 0.013021
0 0.565918 0.544922 0.010742 0.022135
0 0.513672 0.438802 0.011719 0.013021
0 0.302246 0.356771 0.010742 0.015625
0 0.338379 0.337240 0.010742 0.013021
0 0.901855 0.264323 0.010742 0.015625
0 0.806641 0.210938 0.011719 0.018229
0 0.454102 0.927083 0.011719 0.018229