0 0.036621 0.140235 0.018555 0.036711
0 0.080078 0.135095 0.019531 0.029369
0 0.117188 0.106461 0.017578 0.036711
0 0.169922 0.113803 0.015625 0.030837
0 0.149414 0.146843 0.015625 0.029369
0 0.042969 0.055066 0.013672 0.027900
0 0.134277 0.048458 0.014648 0.032305
0 0.006836 0.121880 0.013672 0.029369
0 0.062500 0.013216 0.017578 0.026432
0 0.164062 0.033774 0.015625 0.032305
0 0.205078 0.140235 0.017578 0.033774
0 0.178223 0.182085 0.014648 0.032305
0 0.211914 0.008076 0.021484 0.016153
0 0.140137 0.204846 0.018555 0.033774
0 0.107910 0.190896 0.018555 0.032305
0 0.026855 0.232746 0.014648 0.030837
0 0.024902 0.272394 0.016602 0.036711
0 0.210449 0.223935 0.016602 0.033774
0 0.251465 0.179148 0.018555 0.038179
0 0.264160 0.204846 0.014648 0.033774
0 0.178711 0.296623 0.017578 0.044053
0 0.135254 0.290015 0.018555 0.030837
0 0.210938 0.327460 0.017578 0.029369
0 0.172852 0.439794 0.019531 0.033774
0 0.252930 0.436123 0.019531 0.026432
0 0.084961 0.372981 0.013672 0.029369
0 0.084961 0.531571 0.023438 0.032305
0 0.119141 0.558737 0.019531 0.033774
0 0.199707 0.557269 0.020508 0.033774
0 0.252930 0.513216 0.019531 0.036711
0 0.278320 0.562408 0.019531 0.035242
0 0.044922 0.457416 0.017578 0.030837
0 0.050293 0.617474 0.018555 0.030837
0 0.047363 0.801028 0.022461 0.033774
0 0.085449 0.712922 0.022461 0.030837
0 0.159668 0.711454 0.020508 0.039648
0 0.287109 0.749633 0.019531 0.036711
0 0.296875 0.790749 0.019531 0.039648
0 0.164062 0.803231 0.023438 0.041116
0 0.134277 0.786344 0.022461 0.042584
0 0.353516 0.700441 0.017578 0.041116
0 0.362793 0.787078 0.022461 0.035242
0 0.397949 0.810573 0.022461 0.038179
0 0.231934 0.895007 0.022461 0.042584
0 0.360840 0.564611 0.020508 0.033774
0 0.402344 0.562408 0.021484 0.029369
0 0.055664 0.936123 0.021484 0.042584
0 0.169922 0.939794 0.025391 0.044053
0 0.416504 0.952276 0.024414 0.036711
0 0.706543 0.941997 0.022461 0.039648
0 0.236328 0.096182 0.015625 0.036711
0 0.291992 0.048458 0.015625 0.035242
0 0.316895 0.060940 0.016602 0.030837
0 0.338379 0.107930 0.018555 0.033774
0 0.346680 0.145374 0.019531 0.035242
0 0.285645 0.135095 0.020508 0.041116
0 0.365723 0.213656 0.018555 0.036711
0 0.411621 0.239354 0.020508 0.035242
0 0.388672 0.135095 0.017578 0.032305
0 0.386230 0.062408 0.016602 0.036711
0 0.397949 0.052863 0.016602 0.032305
0 0.447266 0.230543 0.017578 0.035242
0 0.439453 0.158590 0.019531 0.038179
0 0.451172 0.073421 0.019531 0.032305
0 0.448242 0.038913 0.019531 0.030837
0 0.378906 0.016153 0.017578 0.029369
0 0.537598 0.047724 0.018555 0.033774
0 0.470703 0.100587 0.015625 0.027900
0 0.491699 0.167401 0.018555 0.035242
0 0.540039 0.124082 0.017578 0.027900
0 0.578613 0.141703 0.018555 0.036711
0 0.607910 0.099853 0.018555 0.032305
0 0.617676 0.077827 0.016602 0.035242
0 0.620605 0.032305 0.018555 0.029369
0 0.695801 0.040382 0.018555 0.027900
0 0.671387 0.104258 0.018555 0.035242
0 0.645020 0.132159 0.018555 0.035242
0 0.706543 0.115272 0.020508 0.036711
0 0.766602 0.063877 0.019531 0.033774
0 0.746094 0.037445 0.019531 0.033774
0 0.792480 0.059471 0.016602 0.033774
0 0.766113 0.144640 0.018555 0.033774
0 0.763184 0.191630 0.018555 0.033774
0 0.782227 0.243759 0.019531 0.038179
0 0.601074 0.241557 0.016602 0.033774
0 0.496094 0.237885 0.019531 0.032305
0 0.458008 0.263583 0.015625 0.036711
0 0.670410 0.288546 0.018555 0.030837
0 0.842285 0.099853 0.018555 0.029369
0 0.830566 0.049192 0.018555 0.030837
0 0.890137 0.063877 0.018555 0.033774
0 0.919922 0.024229 0.019531 0.036711
0 0.952148 0.071219 0.017578 0.027900
0 0.991211 0.027166 0.017578 0.033774
0 0.991211 0.096182 0.015625 0.030837
0 0.992188 0.198238 0.013672 0.032305
0 0.875977 0.145374 0.015625 0.029369
0 0.926270 0.095448 0.018555 0.035242
0 0.909668 0.166667 0.014648 0.030837
0 0.836914 0.208517 0.019531 0.035242
0 0.818359 0.171072 0.015625 0.024963
0 0.348633 0.453744 0.019531 0.038179
0 0.278320 0.433186 0.019531 0.038179
0 0.441406 0.389868 0.019531 0.033774
0 0.558594 0.361233 0.017578 0.035242
0 0.595215 0.315712 0.016602 0.029369
0 0.541992 0.474302 0.019531 0.035242
0 0.634766 0.467695 0.019531 0.033774
0 0.429199 0.464758 0.020508 0.033774
0 0.438477 0.571219 0.019531 0.035242
0 0.488281 0.552863 0.019531 0.036711
0 0.520020 0.569016 0.022461 0.036711
0 0.575684 0.552863 0.020508 0.036711
0 0.495605 0.774596 0.018555 0.036711
0 0.548340 0.709251 0.022461 0.038179
0 0.543945 0.806902 0.017578 0.042584
0 0.652832 0.798825 0.018555 0.035242
0 0.704590 0.767254 0.020508 0.039648
0 0.936523 0.957416 0.021484 0.044053
0 0.919922 0.911160 0.021484 0.048458
0 0.823242 0.919236 0.021484 0.041116
0 0.925781 0.787078 0.021484 0.032305
0 0.809082 0.767254 0.018555 0.039648
0 0.806641 0.720999 0.015625 0.035242
0 0.988281 0.668135 0.023438 0.038179
0 0.687012 0.571219 0.022461 0.032305
0 0.670898 0.541850 0.015625 0.032305
0 0.737793 0.524229 0.018555 0.038179
0 0.757324 0.574156 0.020508 0.041116
0 0.838867 0.559471 0.019531 0.035242
0 0.851074 0.525698 0.018555 0.035242
0 0.906250 0.558003 0.021484 0.035242
0 0.929199 0.510279 0.020508 0.036711
0 0.842773 0.444934 0.021484 0.041116
0 0.742188 0.436123 0.019531 0.038179
0 0.701172 0.436858 0.017578 0.027900
0 0.772461 0.402349 0.019531 0.032305
0 0.795410 0.337004 0.018555 0.039648
0 0.758301 0.289280 0.018555 0.038179
0 0.836914 0.325991 0.021484 0.038179
0 0.946777 0.409692 0.018555 0.032305
0 0.989746 0.568282 0.018555 0.038179
0 0.145508 0.956681 0.017578 0.036711
0 0.009277 0.008811 0.016602 0.017621
0 0.989258 0.284875 0.017578 0.046990
0 0.913574 0.458884 0.014648 0.033774
0 0.276855 0.990455 0.024414 0.016153
0 0.272461 0.366373 0.019531 0.033774
0 0.571777 0.467695 0.024414 0.027900