0 0.260742 0.383602 0.027344 0.058565
0 0.199219 0.402635 0.037109 0.073206
0 0.128906 0.527086 0.052734 0.111274
0 0.393555 0.269400 0.011719 0.023426
0 0.400879 0.303807 0.014648 0.033675
0 0.470703 0.352123 0.019531 0.048316
0 0.498047 0.349927 0.027344 0.052709
0 0.555176 0.281113 0.010742 0.017570
0 0.590332 0.297950 0.012695 0.021962
0 0.622559 0.311859 0.014648 0.023426
0 0.626465 0.355783 0.016602 0.035139
0 0.669922 0.365300 0.015625 0.039531
0 0.732422 0.353587 0.025391 0.054173
0 0.533691 0.468521 0.030273 0.067350
0 0.580078 0.504392 0.046875 0.098097
0 0.821289 0.364568 0.017578 0.035139
0 0.873535 0.449488 0.032227 0.064422
0 0.924805 0.393119 0.021484 0.042460
0 0.282715 0.319912 0.014648 0.027818