0 0.305664 0.756944 0.019531 0.041667
0 0.324707 0.666667 0.018555 0.040123
0 0.278809 0.663580 0.018555 0.043210
0 0.238281 0.662809 0.021484 0.044753
0 0.186035 0.656636 0.018555 0.041667
0 0.140137 0.658951 0.018555 0.040123
0 0.320801 0.582562 0.016602 0.038580
0 0.264648 0.587191 0.017578 0.038580
0 0.209961 0.585648 0.017578 0.038580
0 0.165039 0.602623 0.017578 0.035494
0 0.139160 0.583333 0.018555 0.037037
0 0.103516 0.571759 0.017578 0.035494
0 0.068848 0.533179 0.022461 0.044753
0 0.044922 0.570216 0.017578 0.035494
0 0.155273 0.489198 0.017578 0.037037
0 0.209473 0.492284 0.018555 0.037037
0 0.267578 0.494599 0.017578 0.038580
0 0.327148 0.496142 0.017578 0.038580
0 0.191895 0.114198 0.018555 0.037037
0 0.246582 0.125000 0.014648 0.030864
0 0.296387 0.125772 0.016602 0.032407
0 0.340332 0.126543 0.014648 0.030864
0 0.390625 0.136574 0.017578 0.032407
0 0.446289 0.134259 0.017578 0.033951
0 0.442383 0.202932 0.015625 0.032407
0 0.390137 0.202932 0.018555 0.038580
0 0.441895 0.272377 0.016602 0.032407
0 0.389648 0.273920 0.015625 0.032407
0 0.341309 0.199074 0.016602 0.033951
0 0.289062 0.203704 0.015625 0.033951
0 0.237793 0.199846 0.016602 0.032407
0 0.183105 0.191358 0.016602 0.033951
0 0.338379 0.273148 0.016602 0.037037
0 0.281738 0.273148 0.018555 0.037037
0 0.227539 0.270062 0.017578 0.037037
0 0.173828 0.271605 0.015625 0.030864
0 0.438477 0.346451 0.017578 0.035494
0 0.383301 0.338735 0.016602 0.032407
0 0.331055 0.343364 0.017578 0.038580
0 0.272949 0.336420 0.016602 0.033951
0 0.219238 0.342593 0.016602 0.037037
0 0.163086 0.339506 0.019531 0.037037
0 0.158691 0.415123 0.014648 0.033951
0 0.212891 0.419753 0.019531 0.037037
0 0.274902 0.418981 0.016602 0.035494
0 0.329590 0.422840 0.016602 0.033951
0 0.387207 0.422840 0.018555 0.033951
0 0.437988 0.412809 0.018555 0.035494
0 0.495605 0.131944 0.016602 0.029321
0 0.543945 0.128858 0.017578 0.029321
0 0.593750 0.128858 0.017578 0.032407
0 0.645996 0.125772 0.016602 0.032407
0 0.693848 0.128858 0.014648 0.029321
0 0.700195 0.194444 0.015625 0.030864
0 0.647949 0.201389 0.018555 0.035494
0 0.597656 0.199846 0.015625 0.029321
0 0.545410 0.199846 0.018555 0.032407
0 0.493164 0.206019 0.015625 0.032407
0 0.494141 0.273148 0.015625 0.027778
0 0.542480 0.272377 0.016602 0.032407
0 0.593750 0.272377 0.019531 0.035494
0 0.649902 0.267747 0.016602 0.035494
0 0.700684 0.269290 0.016602 0.032407
0 0.698730 0.341821 0.016602 0.038580
0 0.645508 0.339506 0.017578 0.037037
0 0.592773 0.341821 0.015625 0.035494
0 0.543457 0.347994 0.016602 0.035494
0 0.494141 0.342593 0.017578 0.033951
0 0.797852 0.125772 0.019531 0.035494
0 0.742676 0.122685 0.018555 0.032407
0 0.753418 0.189815 0.016602 0.033951
0 0.804199 0.196759 0.016602 0.035494
0 0.809082 0.262346 0.016602 0.030864
0 0.754395 0.268519 0.016602 0.033951
0 0.813477 0.336420 0.017578 0.033951
0 0.756836 0.338735 0.017578 0.035494
0 0.819824 0.416667 0.016602 0.033951
0 0.762695 0.422840 0.017578 0.037037
0 0.904297 0.520833 0.019531 0.038580
0 0.884766 0.562500 0.017578 0.038580
0 0.838379 0.584877 0.018555 0.037037
0 0.832031 0.662809 0.019531 0.041667
0 0.812012 0.608025 0.018555 0.040123
0 0.776855 0.580247 0.016602 0.037037
0 0.780762 0.663580 0.020508 0.040123
0 0.825195 0.493056 0.017578 0.038580
0 0.767090 0.496914 0.016602 0.037037
0 0.720703 0.584877 0.017578 0.037037
0 0.734375 0.661265 0.019531 0.041667
0 0.685547 0.667438 0.019531 0.038580
0 0.663574 0.587963 0.018555 0.037037
0 0.714844 0.489969 0.017578 0.035494
0 0.710449 0.415123 0.016602 0.040123
0 0.653320 0.413580 0.017578 0.037037
0 0.660156 0.495370 0.017578 0.037037
0 0.604004 0.495370 0.016602 0.037037
0 0.605957 0.594907 0.014648 0.035494
0 0.596680 0.419753 0.017578 0.040123
0 0.639160 0.674383 0.018555 0.043210
0 0.589844 0.676698 0.019531 0.044753
0 0.941406 0.532407 0.019531 0.043210
0 0.542480 0.424383 0.016602 0.037037
0 0.490234 0.417438 0.015625 0.032407
0 0.543457 0.499228 0.016602 0.035494
0 0.488770 0.500000 0.016602 0.037037
0 0.550293 0.594907 0.018555 0.041667
0 0.500977 0.596451 0.017578 0.038580
0 0.547363 0.680556 0.018555 0.040123
0 0.505371 0.687500 0.018555 0.041667
0 0.435547 0.496914 0.017578 0.033951
0 0.381348 0.489969 0.016602 0.032407
0 0.376465 0.590278 0.018555 0.038580
0 0.462402 0.604167 0.018555 0.035494
0 0.435059 0.596451 0.018555 0.041667
0 0.414062 0.683642 0.019531 0.043210
0 0.457520 0.682870 0.022461 0.044753
0 0.520996 0.760031 0.020508 0.044753
0 0.456543 0.760802 0.020508 0.046296
0 0.365723 0.677469 0.018555 0.043210
0 0.685547 0.771605 0.023438 0.046296