0 0.963379 0.433480 0.012695 0.024854
0 0.929688 0.434942 0.015625 0.024854
0 0.896973 0.388158 0.014648 0.027778
0 0.847168 0.412281 0.014648 0.026316
0 0.820312 0.396930 0.013672 0.027778
0 0.817383 0.323099 0.011719 0.017544
0 0.851074 0.290936 0.014648 0.026316
0 0.870117 0.291667 0.013672 0.027778
0 0.928711 0.304094 0.013672 0.026316
0 0.965820 0.304094 0.013672 0.026316
0 0.994629 0.308480 0.010742 0.026316
0 0.813965 0.301901 0.012695 0.021930
0 0.770996 0.303363 0.016602 0.024854
0 0.763184 0.415205 0.022461 0.040936
0 0.553223 0.382310 0.030273 0.057018
0 0.508789 0.320175 0.029297 0.058480
0 0.554199 0.295322 0.010742 0.020468
0 0.602051 0.337719 0.020508 0.052632
0 0.404297 0.353070 0.021484 0.045322
0 0.490723 0.270468 0.010742 0.023392
0 0.341797 0.312865 0.031250 0.052632
0 0.307617 0.339181 0.023438 0.046784
0 0.274902 0.247076 0.022461 0.038012
0 0.347168 0.261696 0.012695 0.023392
0 0.384277 0.293860 0.012695 0.020468
0 0.443359 0.295322 0.011719 0.020468
0 0.095215 0.395468 0.024414 0.042398
0 0.093750 0.316520 0.025391 0.033626
0 0.132324 0.247076 0.022461 0.040936
0 0.882812 0.325292 0.013672 0.024854
0 0.759277 0.281433 0.010742 0.021930
0 0.945312 0.291667 0.013672 0.030702
0 0.492188 0.331140 0.023438 0.051170