0 0.356445 0.929036 0.037109 0.095052
0 0.513672 0.936849 0.037109 0.110677
0 0.655273 0.905599 0.041016 0.095052
0 0.528320 0.703776 0.041016 0.089844
0 0.470703 0.582031 0.025391 0.065104
0 0.400879 0.615885 0.014648 0.065104
0 0.113770 0.830729 0.028320 0.070312
0 0.031738 0.764323 0.028320 0.075521
0 0.049805 0.628255 0.017578 0.063802
0 0.538086 0.360677 0.023438 0.036458
0 0.664062 0.341146 0.021484 0.031250
0 0.783691 0.329427 0.022461 0.039062
0 0.726562 0.325521 0.021484 0.033854
0 0.687012 0.316406 0.018555 0.028646
0 0.651367 0.314453 0.017578 0.027344
0 0.625977 0.328776 0.019531 0.029948
0 0.618652 0.311198 0.016602 0.023438
0 0.436035 0.308594 0.022461 0.033854
0 0.541504 0.327474 0.020508 0.035156
0 0.585449 0.304688 0.022461 0.036458
0 0.478516 0.307292 0.019531 0.031250
0 0.553223 0.298177 0.020508 0.028646
0 0.530762 0.300781 0.018555 0.026042
0 0.453613 0.296224 0.016602 0.027344
0 0.372559 0.304688 0.020508 0.031250
0 0.415039 0.293620 0.013672 0.016927
0 0.397949 0.306641 0.014648 0.019531
0 0.342285 0.309896 0.020508 0.031250
0 0.308105 0.308594 0.020508 0.026042
0 0.289062 0.304036 0.019531 0.022135
0 0.502930 0.300781 0.017578 0.023438
0 0.243652 0.297526 0.016602 0.022135
0 0.270020 0.300781 0.018555 0.028646
0 0.229980 0.293620 0.012695 0.024740
0 0.218750 0.296224 0.011719 0.019531
0 0.193848 0.287109 0.016602 0.022135
0 0.172852 0.280599 0.015625 0.022135
0 0.156738 0.276042 0.014648 0.020833
0 0.144531 0.270182 0.013672 0.019531
0 0.130859 0.262370 0.015625 0.022135
0 0.123535 0.257812 0.010742 0.020833
0 0.108398 0.251953 0.013672 0.022135
0 0.087402 0.246094 0.014648 0.018229
0 0.053223 0.236328 0.012695 0.016927
0 0.371582 0.269531 0.014648 0.018229
0 0.326172 0.269531 0.011719 0.018229
0 0.313477 0.269531 0.011719 0.018229
0 0.289551 0.265625 0.016602 0.020833
0 0.262207 0.274089 0.012695 0.019531
0 0.271973 0.253255 0.012695 0.016927
0 0.256348 0.248047 0.012695 0.014323
0 0.243652 0.264974 0.014648 0.019531
0 0.229980 0.266276 0.010742 0.019531
0 0.217285 0.261719 0.012695 0.018229
0 0.204590 0.250000 0.012695 0.018229
0 0.186035 0.250651 0.012695 0.019531
0 0.173828 0.242188 0.011719 0.018229
0 0.154785 0.240885 0.012695 0.018229
0 0.130371 0.233073 0.010742 0.013021
0 0.141113 0.222656 0.010742 0.015625
0 0.241211 0.238932 0.011719 0.016927
0 0.224609 0.229818 0.011719 0.019531
0 0.294434 0.238281 0.010742 0.018229
0 0.076660 0.227865 0.012695 0.018229