0 0.188477 0.568359 0.031250 0.045573
0 0.228516 0.586589 0.039062 0.058594
0 0.315430 0.559896 0.035156 0.052083
0 0.358398 0.499349 0.031250 0.048177
0 0.437500 0.514323 0.031250 0.049479
0 0.493164 0.639974 0.037109 0.061198
0 0.512695 0.529948 0.029297 0.049479
0 0.567383 0.525391 0.025391 0.048177
0 0.665039 0.520833 0.033203 0.052083
0 0.744141 0.607422 0.037109 0.061198
0 0.799316 0.404948 0.034180 0.057292
0 0.765137 0.339844 0.034180 0.049479
0 0.712891 0.392578 0.029297 0.045573
0 0.645508 0.382161 0.027344 0.045573
0 0.591797 0.361979 0.025391 0.039062
0 0.616699 0.320312 0.026367 0.041667
0 0.520508 0.447917 0.031250 0.039062
0 0.514648 0.347656 0.025391 0.044271
0 0.484863 0.357422 0.024414 0.032552
0 0.392090 0.287109 0.030273 0.050781
0 0.341309 0.375000 0.032227 0.041667
0 0.284668 0.387370 0.028320 0.045573
0 0.871094 0.416016 0.039062 0.063802