0 0.131348 0.213528 0.038086 0.061008
0 0.267578 0.161804 0.037109 0.066313
0 0.386719 0.116711 0.041016 0.066313
0 0.512207 0.120690 0.038086 0.063660
0 0.634277 0.127984 0.038086 0.049072
0 0.754395 0.171751 0.040039 0.059682
0 0.721191 0.293767 0.038086 0.067639
0 0.600586 0.275862 0.041016 0.068966
0 0.490723 0.286472 0.040039 0.068966
0 0.364258 0.287135 0.041016 0.075597
0 0.229492 0.331565 0.041016 0.074271
0 0.309570 0.516578 0.042969 0.088859
0 0.185547 0.607427 0.046875 0.084881
0 0.438965 0.484748 0.043945 0.078249
0 0.573730 0.473475 0.043945 0.074271
0 0.675781 0.598143 0.048828 0.084881
0 0.875488 0.220822 0.036133 0.062334