0 0.589355 0.383464 0.018555 0.055990
0 0.733398 0.348958 0.025391 0.041667
0 0.777344 0.386068 0.011719 0.029948
0 0.812500 0.375651 0.011719 0.022135
0 0.451172 0.368490 0.023438 0.033854
0 0.297363 0.355469 0.028320 0.046875
0 0.160156 0.390625 0.023438 0.039062
0 0.017090 0.374349 0.020508 0.032552
0 0.990723 0.390625 0.014648 0.026042
0 0.947754 0.389323 0.010742 0.018229
0 0.840332 0.397786 0.010742 0.016927
0 0.854004 0.377604 0.010742 0.013021
0 0.666016 0.389974 0.021484 0.035156
0 0.525879 0.350911 0.018555 0.035156
0 0.601074 0.391927 0.010742 0.013021
0 0.382324 0.366536 0.010742 0.019531
0 0.363770 0.389974 0.016602 0.022135
0 0.087402 0.412109 0.014648 0.024740
0 0.190430 0.399740 0.011719 0.023438
0 0.051758 0.402344 0.011719 0.015625
0 0.242188 0.389974 0.011719 0.016927
0 0.121094 0.406901 0.015625 0.016927
0 0.322266 0.391927 0.011719 0.018229
0 0.030273 0.375000 0.011719 0.020833