0 0.033691 0.143555 0.014648 0.033203
0 0.023926 0.161133 0.010742 0.029297
0 0.112305 0.080078 0.011719 0.031250
0 0.155762 0.011719 0.010742 0.023438
0 0.062012 0.140625 0.016602 0.035156
0 0.078613 0.124023 0.012695 0.029297
0 0.063477 0.202148 0.011719 0.029297
0 0.038574 0.211914 0.010742 0.025391
0 0.031738 0.236328 0.012695 0.031250
0 0.043457 0.246094 0.012695 0.031250
0 0.027832 0.291016 0.010742 0.023438
0 0.045410 0.288086 0.012695 0.033203
0 0.054199 0.295898 0.010742 0.029297
0 0.055664 0.327148 0.011719 0.029297
0 0.026367 0.323242 0.011719 0.025391
0 0.041992 0.389648 0.013672 0.029297
0 0.062012 0.448242 0.010742 0.025391
0 0.096680 0.403320 0.013672 0.033203
0 0.104492 0.388672 0.011719 0.027344
0 0.111816 0.304688 0.012695 0.031250
0 0.094238 0.228516 0.010742 0.031250
0 0.140137 0.300781 0.012695 0.027344
0 0.132324 0.222656 0.010742 0.027344
0 0.142578 0.100586 0.011719 0.033203
0 0.161621 0.230469 0.014648 0.031250
0 0.183105 0.289062 0.010742 0.027344
0 0.192871 0.293945 0.010742 0.029297
0 0.203125 0.280273 0.011719 0.029297
0 0.249512 0.017578 0.010742 0.027344
0 0.244629 0.228516 0.012695 0.031250
0 0.249023 0.266602 0.013672 0.037109
0 0.231934 0.246094 0.010742 0.031250
0 0.198242 0.220703 0.011719 0.019531
0 0.172363 0.273438 0.010742 0.027344
0 0.139648 0.440430 0.011719 0.033203
0 0.158203 0.399414 0.011719 0.033203
0 0.160156 0.439453 0.011719 0.031250
0 0.179199 0.436523 0.010742 0.029297
0 0.210938 0.422852 0.013672 0.033203
0 0.198730 0.440430 0.010742 0.033203
0 0.142090 0.481445 0.010742 0.025391
0 0.182129 0.333008 0.010742 0.025391
0 0.203125 0.360352 0.011719 0.033203
0 0.213379 0.335938 0.010742 0.027344
0 0.246094 0.336914 0.011719 0.033203
0 0.266113 0.364258 0.010742 0.029297
0 0.255371 0.354492 0.010742 0.029297
0 0.251953 0.415039 0.013672 0.029297
0 0.229004 0.426758 0.012695 0.029297
0 0.261719 0.462891 0.011719 0.027344
0 0.280762 0.468750 0.014648 0.035156
0 0.281738 0.407227 0.010742 0.029297
0 0.298340 0.398438 0.012695 0.031250
0 0.302734 0.440430 0.011719 0.021484
0 0.229980 0.465820 0.010742 0.029297
0 0.215332 0.469727 0.010742 0.029297
0 0.566895 0.011719 0.010742 0.023438
0 0.549316 0.066406 0.010742 0.027344
0 0.610840 0.058594 0.010742 0.019531
0 0.619629 0.091797 0.010742 0.031250
0 0.623047 0.193359 0.013672 0.039062
0 0.172363 0.499023 0.010742 0.033203
0 0.145020 0.543945 0.010742 0.033203
0 0.216309 0.508789 0.012695 0.037109
0 0.242676 0.518555 0.014648 0.025391
0 0.266113 0.576172 0.014648 0.039062
0 0.222656 0.586914 0.015625 0.037109
0 0.198730 0.565430 0.012695 0.029297
0 0.211426 0.561523 0.010742 0.048828
0 0.235840 0.562500 0.012695 0.035156
0 0.249023 0.554688 0.015625 0.031250
0 0.166016 0.556641 0.011719 0.031250
0 0.110352 0.625000 0.017578 0.046875
0 0.073242 0.632812 0.015625 0.039062
0 0.043457 0.817383 0.014648 0.041016
0 0.035645 0.868164 0.014648 0.037109
0 0.031250 0.966797 0.011719 0.035156
0 0.164062 0.624023 0.013672 0.037109
0 0.188965 0.638672 0.012695 0.031250
0 0.270996 0.617188 0.014648 0.031250
0 0.305176 0.590820 0.012695 0.033203
0 0.353516 0.631836 0.013672 0.033203
0 0.360352 0.658203 0.011719 0.035156
0 0.395996 0.608398 0.012695 0.033203
0 0.391602 0.577148 0.015625 0.033203
0 0.401855 0.558594 0.010742 0.031250
0 0.413086 0.622070 0.013672 0.033203
0 0.211914 0.921875 0.015625 0.039062
0 0.235352 0.885742 0.015625 0.041016
0 0.210449 0.874023 0.014648 0.033203
0 0.237793 0.952148 0.012695 0.037109
0 0.279297 0.943359 0.011719 0.027344
0 0.261719 0.956055 0.011719 0.025391
0 0.307617 0.964844 0.011719 0.035156
0 0.322266 0.915039 0.011719 0.041016
0 0.331055 0.892578 0.013672 0.046875
0 0.367188 0.890625 0.011719 0.046875
0 0.375000 0.900391 0.011719 0.039062
0 0.396973 0.951172 0.012695 0.031250
0 0.379883 0.934570 0.013672 0.029297
0 0.416992 0.966797 0.013672 0.031250
0 0.428711 0.856445 0.011719 0.029297
0 0.458008 0.662109 0.011719 0.023438
0 0.458008 0.606445 0.011719 0.033203
0 0.548828 0.618164 0.011719 0.033203
0 0.470215 0.880859 0.010742 0.031250
0 0.490723 0.913086 0.010742 0.037109
0 0.453125 0.929688 0.013672 0.031250
0 0.466309 0.969727 0.014648 0.033203
0 0.540527 0.977539 0.016602 0.029297
0 0.540527 0.889648 0.014648 0.041016
0 0.565430 0.861328 0.013672 0.031250
0 0.574707 0.878906 0.010742 0.031250
0 0.622070 0.864258 0.013672 0.033203
0 0.615234 0.945312 0.015625 0.039062
0 0.637207 0.932617 0.010742 0.037109
0 0.661621 0.940430 0.016602 0.025391
0 0.686523 0.918945 0.015625 0.037109
0 0.687012 0.856445 0.014648 0.044922
0 0.736816 0.954102 0.010742 0.037109
0 0.749023 0.920898 0.015625 0.037109
0 0.732422 0.861328 0.013672 0.035156
0 0.736816 0.826172 0.014648 0.035156
0 0.753906 0.835938 0.011719 0.035156
0 0.788086 0.981445 0.011719 0.037109
0 0.809082 0.888672 0.012695 0.035156
0 0.821289 0.827148 0.015625 0.044922
0 0.882324 0.917969 0.012695 0.039062
0 0.868652 0.986328 0.014648 0.027344
0 0.901367 0.981445 0.011719 0.037109
0 0.918457 0.922852 0.014648 0.041016
0 0.937988 0.940430 0.012695 0.033203
0 0.979004 0.890625 0.014648 0.039062
0 0.987793 0.981445 0.012695 0.037109
0 0.980957 0.985352 0.012695 0.029297
0 0.753906 0.621094 0.011719 0.035156
0 0.768555 0.624023 0.011719 0.037109
0 0.767578 0.553711 0.011719 0.037109
0 0.715820 0.585938 0.013672 0.039062
0 0.727539 0.547852 0.011719 0.033203
0 0.707031 0.556641 0.015625 0.031250
0 0.689453 0.580078 0.011719 0.031250
0 0.675293 0.588867 0.012695 0.033203
0 0.635254 0.634766 0.012695 0.035156
0 0.668457 0.547852 0.012695 0.037109
0 0.669922 0.491211 0.011719 0.033203
0 0.714355 0.511719 0.012695 0.035156
0 0.688965 0.511719 0.012695 0.035156
0 0.749023 0.413086 0.011719 0.029297
0 0.742676 0.522461 0.014648 0.029297
0 0.743164 0.372070 0.013672 0.029297
0 0.828613 0.441406 0.012695 0.042969
0 0.801270 0.391602 0.012695 0.033203
0 0.849121 0.382812 0.012695 0.035156
0 0.872070 0.364258 0.011719 0.025391
0 0.815430 0.341797 0.011719 0.027344
0 0.776855 0.365234 0.010742 0.031250
0 0.687012 0.329102 0.010742 0.021484
0 0.746582 0.143555 0.010742 0.029297
0 0.914062 0.022461 0.011719 0.025391
0 0.782715 0.170898 0.010742 0.021484
0 0.862305 0.166016 0.011719 0.027344
0 0.930176 0.095703 0.012695 0.031250
0 0.958496 0.120117 0.014648 0.029297
0 0.915527 0.164062 0.010742 0.027344
0 0.864258 0.241211 0.011719 0.033203
0 0.962402 0.222656 0.010742 0.031250
0 0.993164 0.292969 0.011719 0.042969
0 0.929199 0.306641 0.010742 0.027344
0 0.940918 0.382812 0.010742 0.031250
0 0.934570 0.405273 0.013672 0.029297
0 0.958496 0.395508 0.012695 0.041016
0 0.973633 0.288086 0.013672 0.037109
0 0.988770 0.369141 0.018555 0.039062
0 0.072754 0.960938 0.010742 0.039062
0 0.741211 0.556641 0.011719 0.027344