0 0.273438 0.822320 0.029297 0.049927
0 0.092773 0.691630 0.027344 0.046990
0 0.225586 0.469897 0.023438 0.038179
0 0.288086 0.499266 0.027344 0.055800
0 0.458984 0.400881 0.017578 0.044053
0 0.487305 0.414097 0.023438 0.038179
0 0.574219 0.408223 0.023438 0.041116
0 0.594238 0.593979 0.018555 0.033774
0 0.661133 0.481645 0.023438 0.049927
0 0.672363 0.422907 0.020508 0.032305
0 0.754395 0.435389 0.026367 0.051395
0 0.817383 0.453010 0.023438 0.042584
0 0.631348 0.456681 0.010742 0.023495
0 0.396484 0.401615 0.027344 0.045521