0 0.270508 0.035786 0.037109 0.031438
0 0.240723 0.084615 0.049805 0.044816
0 0.166016 0.161873 0.074219 0.070903
0 0.505371 0.092308 0.114258 0.103010
0 0.702637 0.085619 0.106445 0.097659
0 0.510254 0.379264 0.090820 0.073579
0 0.622070 0.391304 0.060547 0.065552
0 0.251953 0.503344 0.039062 0.071572
0 0.401367 0.754849 0.044922 0.040803
0 0.163574 0.808361 0.028320 0.027425
0 0.188477 0.798328 0.019531 0.019398
0 0.246094 0.781605 0.025391 0.023411
0 0.668457 0.793980 0.028320 0.034783
0 0.829102 0.772575 0.033203 0.041472
0 0.917480 0.796990 0.055664 0.039465
0 0.855469 0.186288 0.083984 0.079599
0 0.974121 0.129431 0.049805 0.074247
0 0.300293 0.604013 0.067383 0.052174
0 0.418945 0.578261 0.060547 0.055518
0 0.737793 0.796990 0.030273 0.036789
0 0.712891 0.827425 0.035156 0.032107
0 0.055664 0.804682 0.029297 0.028094
0 0.117676 0.832441 0.022461 0.035452
0 0.442871 0.034114 0.069336 0.061538
0 0.536621 0.785953 0.030273 0.028094
0 0.490723 0.783946 0.038086 0.033445
0 0.984375 0.790970 0.031250 0.027425