0 0.026367 0.472358 0.046875 0.112195
0 0.010254 0.610569 0.020508 0.112195
0 0.078613 0.625203 0.057617 0.131707
0 0.174316 0.633333 0.051758 0.108943
0 0.218750 0.693496 0.058594 0.134959
0 0.454590 0.669106 0.034180 0.134959
0 0.594238 0.324390 0.045898 0.131707
0 0.653320 0.364228 0.058594 0.117073
0 0.727051 0.356911 0.057617 0.105691
0 0.861328 0.315447 0.056641 0.133333
0 0.937500 0.312195 0.058594 0.126829
0 0.930176 0.208943 0.049805 0.102439
0 0.325684 0.312195 0.045898 0.104065
0 0.454102 0.133333 0.072266 0.133333
0 0.434082 0.490244 0.034180 0.128455